# row 1-3: TCRa [const, hinge, var], row 4-6: ditto for TCRb
# Rank  1 singular_val=  0.520E+03
    0.2155409749E-02   -0.6253914934E-02   -0.2247294968E-02
   -0.2930981536E+00    0.1006647347E+00    0.1766607077E+00
   -0.2948511201E+00   -0.5010983576E+00   -0.5384977832E+00
   -0.2155409984E-02    0.6253914836E-02    0.2247295138E-02
   -0.1438862923E+00   -0.3578560971E-01    0.2372180497E-01
   -0.3119641365E-01   -0.2810552869E+00   -0.3769946467E+00
# Rank  2 singular_val=  0.294E+03
   -0.9892247901E-02   -0.4948544288E-02   -0.1953360195E-02
   -0.4441160682E+00    0.1504656351E+00    0.3306289024E+00
    0.2788933666E-01    0.3959195513E+00   -0.2800671356E+00
    0.9892248157E-02    0.4948544180E-02    0.1953360365E-02
    0.4095778191E+00    0.7713189809E-01   -0.8324854830E-01
    0.1483176453E+00    0.4626985228E+00   -0.1336556209E+00
# Rank  3 singular_val=  0.228E+03
   -0.9797817091E-02    0.1001184589E-01    0.6228305290E-02
    0.8864222204E-01    0.3122261400E-01    0.3275262969E-01
   -0.2862776762E-01   -0.1968089792E+00   -0.7444572996E-01
    0.9797818753E-02   -0.1001184611E-01   -0.6228305418E-02
    0.1287613418E+00    0.4364795568E+00    0.8189516206E+00
    0.9759033177E-01    0.1577223381E+00    0.1798709966E+00
# Rank  4 singular_val=  0.176E+03
   -0.3183084258E-02    0.7470396475E-02   -0.2833767154E-02
    0.3983921066E+00   -0.2080148824E+00   -0.4978003923E+00
    0.1286283416E+00   -0.5247703403E-01   -0.3395176610E+00
    0.3183084251E-02   -0.7470396536E-02    0.2833767393E-02
    0.4040680369E+00    0.1021153536E+00   -0.1335120951E+00
    0.2931971318E+00    0.3793854277E-01   -0.3695418018E+00
# Rank  5 singular_val=  0.132E+03
   -0.1388288930E-01   -0.8191028459E-02    0.4573023374E-02
    0.4241958462E+00    0.1965723593E+00    0.6561803942E+00
    0.2879531479E+00   -0.2717603340E+00    0.1116963168E+00
    0.1388289205E-01    0.8191028687E-02   -0.4573023548E-02
    0.2560030540E+00   -0.1906553736E-01   -0.1534964285E+00
    0.2488911557E+00   -0.1719051078E+00    0.8709451206E-02
# Rank  6 singular_val=  0.114E+03
    0.4983247295E-02   -0.1121658701E-01   -0.1808022135E-01
    0.1852236362E-01   -0.3750094828E-01   -0.8793845979E-01
   -0.3518898445E+00   -0.5521073106E+00    0.8572333423E-01
   -0.4983247534E-02    0.1121658718E-01    0.1808021957E-01
    0.2308814905E+00   -0.1928448445E+00   -0.2397606452E+00
   -0.4570358632E-01    0.5359355410E+00    0.3409818610E+00
# Rank  7 singular_val=  0.944E+02
    0.1750687998E-01   -0.6271923556E-02    0.7276784988E-02
    0.2928842341E+00    0.8684144455E+00   -0.2194473960E+00
   -0.3551890486E-01    0.9083530559E-01   -0.1546240543E+00
   -0.1750688423E-01    0.6271925131E-02   -0.7276786402E-02
   -0.1882218001E+00   -0.2225051754E-01   -0.2537583234E-01
   -0.9614466488E-01    0.1771876195E+00   -0.2221486903E-01
# Rank  8 singular_val=  0.826E+02
    0.1581916876E-01   -0.1690662253E-01    0.4457145866E-03
    0.3627155135E+00   -0.3377518913E+00    0.2869581772E+00
    0.7488815604E-01    0.6251096522E-01   -0.2988179965E+00
   -0.1581916251E-01    0.1690662258E-01   -0.4457155828E-03
   -0.5344048372E+00    0.1527481604E+00   -0.9214622486E-01
   -0.1608170264E+00    0.4671531093E+00   -0.1031014602E+00
# Rank  9 singular_val=  0.729E+02
    0.1626293048E-01    0.5242670750E-02   -0.1959050665E-01
    0.3706987155E+00   -0.7595568939E-01    0.2019783711E+00
   -0.7020867719E+00    0.3264841708E+00    0.1031553338E+00
   -0.1626292704E-01   -0.5242669797E-02    0.1959050702E-01
    0.2315898601E+00   -0.1773799575E+00    0.1651665210E+00
   -0.1830377816E+00   -0.8978019669E-01   -0.2248707246E+00
# Rank 10 singular_val=  0.630E+02
    0.1464141820E-01   -0.2662205091E-01   -0.1651103133E-01
   -0.6016551845E-01    0.7717666201E-01   -0.6613236316E-02
   -0.2977942855E+00   -0.4210176564E-01    0.3067348641E+00
   -0.1464142310E-01    0.2662205133E-01    0.1651103196E-01
   -0.5985465883E-01    0.7960644439E+00   -0.3741874403E+00
    0.8250082754E-01   -0.4957072005E-01   -0.1298744242E+00
# Rank 11 singular_val=  0.512E+02
   -0.1652739993E-01    0.8777153150E-02   -0.1300708764E-01
   -0.2241235943E-01    0.5542665772E-03   -0.8017460939E-02
   -0.2588810277E+00    0.8520618219E-01    0.7772531529E-01
    0.1652740065E-01   -0.8777152817E-02    0.1300708744E-01
   -0.3614066847E+00   -0.2011085141E+00    0.6252838397E-01
    0.8586333368E+00    0.7090526551E-01    0.2873413491E-01
# Rank 12 singular_val=  0.397E+02
   -0.2279842910E-01    0.1146222258E-01   -0.1366536182E-01
    0.1044200190E+00   -0.5139371167E-01    0.2125176479E-01
   -0.1738857251E+00    0.2095912445E+00   -0.5163325409E+00
    0.2279842407E-01   -0.1146222117E-01    0.1366536394E-01
    0.5846013544E-01    0.1554311759E+00   -0.2028309586E+00
    0.5352475353E-01   -0.3129039813E+00    0.6885296350E+00
# Rank 13 singular_val=  0.219E+02
   -0.8767485130E-01   -0.2283694431E+00   -0.6622839740E+00
   -0.1316777279E-02    0.1007222231E-01   -0.7559968449E-02
    0.4135547456E-01    0.3886375967E-02   -0.2745353473E-02
    0.8767486013E-01    0.2283694430E+00    0.6622839749E+00
   -0.4979549830E-02   -0.1180264931E-01    0.2742924456E-01
   -0.1252680567E-01   -0.7668226742E-02   -0.7447908937E-02
# Rank 14 singular_val=  0.136E+02
   -0.4266572724E+00    0.5455860295E+00   -0.1321331180E+00
    0.6910487753E-02    0.1566324495E-01    0.7145996085E-02
   -0.6577430925E-02   -0.1364581327E-01    0.1755872272E-01
    0.4266573098E+00   -0.5455860199E+00    0.1321331130E+00
   -0.2286072051E-01    0.2181077164E-01   -0.2657489186E-01
   -0.3719867508E-01    0.2586697526E-01   -0.3226832608E-01
# Rank 15 singular_val=  0.119E+02
    0.5549972760E+00    0.3853581830E+00   -0.2060383558E+00
   -0.1260926843E-01    0.8639974087E-03    0.1806619653E-01
    0.2627649976E-01   -0.8445621354E-02   -0.7688616412E-02
   -0.5549972508E+00   -0.3853581796E+00    0.2060383516E+00
    0.6020786476E-02    0.6902997642E-02   -0.3678780940E-02
    0.2080160027E-01   -0.3805678751E-02    0.1410543201E-01
# Rank 16 singular_val=  0.411E-04
    0.7071051674E+00    0.1425770136E-02   -0.5021479309E-03
   -0.2295964433E-08    0.3438472580E-08   -0.4187725439E-08
   -0.1434613519E-08    0.7556467539E-09   -0.6737874124E-09
    0.7071051635E+00    0.1425809944E-02   -0.5021704382E-03
    0.1241835688E-08    0.1947706643E-08   -0.2206980744E-08
    0.9653483864E-09   -0.3096426921E-08    0.3358425837E-08
# Rank 17 singular_val=  0.936E-05
    0.4968236342E-03    0.2645002831E-02    0.7071016590E+00
    0.4044930623E-09    0.7294855048E-09   -0.2445008133E-10
    0.1942960830E-09   -0.1037893208E-08    0.5696224780E-09
    0.4968231267E-03    0.2644996520E-02    0.7071016603E+00
   -0.5613727282E-09   -0.6037324007E-09    0.6650561460E-11
   -0.3038162485E-09    0.1754747887E-08   -0.5033016076E-09
# Rank 18 singular_val=  0.735E-05
   -0.1427656545E-02    0.7071003921E+00   -0.2643990494E-02
   -0.7766601213E-09   -0.1006758337E-08   -0.7653220084E-10
    0.7980573916E-09   -0.3496692249E-09    0.3043044212E-09
   -0.1427659629E-02    0.7071004014E+00   -0.2643993208E-02
    0.2437953990E-09   -0.2711319430E-09    0.5799729552E-09
    0.1585500284E-09   -0.4377194248E-11   -0.3647075799E-09
