# row 1-3: TCRa [const, hinge, var], row 4-6: ditto for TCRb
# Rank  1 singular_val=  0.457E+03
    0.1892615909E-02   -0.2391236157E-02    0.4401740828E-02
    0.1346777486E+00    0.1902720660E-01   -0.6018761113E-01
    0.2888950378E+00    0.6700065797E+00    0.3920835156E+00
   -0.1892616178E-02    0.2391236382E-02   -0.4401740936E-02
    0.2769925916E+00    0.2618862183E-01   -0.1350331191E+00
    0.7455487336E-01    0.3928717947E+00    0.1901840376E+00
# Rank  2 singular_val=  0.238E+03
   -0.1730724574E-02    0.1214957595E-02    0.3997112038E-02
    0.2861850843E+00    0.6614485475E-01   -0.8552815540E-01
   -0.3170956753E-01   -0.2137547334E+00    0.5943369819E+00
    0.1730722893E-02   -0.1214957722E-02   -0.3997112138E-02
   -0.3222206720E+00   -0.4275309077E-01    0.1945786722E+00
   -0.1985651355E+00   -0.2357357449E+00    0.5176095636E+00
# Rank  3 singular_val=  0.217E+03
    0.1049251761E-01   -0.1964490759E-01    0.1732817633E-01
    0.4892615871E+00    0.1385568324E+00   -0.7307645062E-01
    0.2011944451E+00    0.4296719509E-01    0.5028106056E-01
   -0.1049251922E-01    0.1964490747E-01   -0.1732817608E-01
   -0.3935653027E-01   -0.1968552018E+00   -0.5660471018E+00
    0.5746449912E-01   -0.4567790168E+00   -0.3420224219E+00
# Rank  4 singular_val=  0.164E+03
    0.4634502733E-02    0.1673613143E-01    0.2328391623E-02
   -0.6619127784E+00   -0.1919096789E+00   -0.1181528189E-01
   -0.1232425815E+00    0.2697182934E+00    0.2158792127E+00
   -0.4634505056E-02   -0.1673613075E-01   -0.2328392009E-02
   -0.3012816486E+00   -0.2453880638E+00   -0.3743384179E+00
   -0.2410879882E+00   -0.2011550712E+00   -0.6786763245E-02
# Rank  5 singular_val=  0.131E+03
    0.8820567016E-03   -0.2121997849E-01   -0.5005408246E-02
    0.1336932468E-01    0.1216746065E+00    0.9673722970E+00
    0.2016462295E-01   -0.6470529175E-01    0.8779802406E-01
   -0.8820577879E-03    0.2121997851E-01    0.5005408137E-02
    0.3353407656E-02   -0.1504527886E-01   -0.1544693667E+00
    0.2824893589E-01    0.3823687565E-01    0.9795314748E-01
# Rank  6 singular_val=  0.115E+03
    0.4440189324E-02    0.2047868390E-01    0.5035786279E-02
   -0.2800293577E-01    0.6995634707E-01    0.1652030344E+00
    0.2938691778E+00    0.4415692353E+00   -0.1910660347E-01
   -0.4440186157E-02   -0.2047868483E-01   -0.5035786038E-02
   -0.1901061352E+00    0.1366862491E+00    0.5875029776E+00
   -0.1097872771E+00   -0.4224444074E+00   -0.3064273317E+00
# Rank  7 singular_val=  0.896E+02
    0.3487402359E-02    0.4887263071E-02   -0.6160965380E-02
    0.2360861135E+00    0.2369866101E+00   -0.7025482455E-02
    0.4337696366E-01    0.1327071553E+00   -0.3440561949E+00
   -0.3487400996E-02   -0.4887262693E-02    0.6160966514E-02
   -0.5234803469E+00   -0.1043353078E+00   -0.7445196771E-01
   -0.5119787743E+00    0.4442454436E+00   -0.9950193090E-02
# Rank  8 singular_val=  0.791E+02
    0.1946108431E-01    0.3005724982E-02    0.1322310024E-01
    0.4543226502E-01    0.5588208863E+00   -0.2238856481E-01
   -0.7475075437E+00    0.2746589377E+00    0.7554251115E-01
   -0.1946109194E-01   -0.3005726334E-02   -0.1322310149E-01
    0.1550002157E+00   -0.3560356504E-01    0.6464717710E-01
    0.4933226442E-02   -0.8430254698E-01   -0.8668169196E-01
# Rank  9 singular_val=  0.598E+02
   -0.7391249700E-02    0.4036651063E-01   -0.1150818304E-02
   -0.5997135676E-01    0.1262754104E+00    0.8989848178E-02
    0.1879617874E+00   -0.1025931782E+00   -0.6089670300E-01
    0.7391245994E-02   -0.4036651098E-01    0.1150815461E-02
    0.4280050342E+00   -0.7808575898E+00    0.2333816908E+00
   -0.2765515466E+00   -0.2849929866E-01    0.5249810423E-01
# Rank 10 singular_val=  0.556E+02
   -0.9574252946E-03   -0.1266738282E-01   -0.6521989678E-03
    0.3888550066E+00   -0.7264974707E+00    0.1377838077E+00
   -0.4132692822E+00    0.1748489790E+00    0.4387472312E-02
    0.9574224489E-03    0.1266738351E-01    0.6521999303E-03
    0.9188692129E-01   -0.1197893056E+00    0.9412728091E-01
   -0.2273527731E+00    0.5866007142E-02   -0.1300999024E+00
# Rank 11 singular_val=  0.468E+02
    0.6539002729E-02   -0.1427720044E-01    0.3185613970E-02
   -0.8313453515E-01    0.8134871723E-01   -0.1331870883E-01
    0.7325963895E-01   -0.2392321149E+00    0.2943029704E+00
   -0.6538996695E-02    0.1427719905E-01   -0.3185612833E-02
    0.3596789117E+00    0.4172232635E+00   -0.9231111210E-01
   -0.6431157890E+00    0.5091818897E-01   -0.3292580245E+00
# Rank 12 singular_val=  0.375E+02
    0.1504793076E-01    0.1786932133E-03    0.1891502271E-01
   -0.2158078785E-01    0.8827241851E-02    0.4181386180E-02
   -0.2223606164E-01   -0.1997221941E+00    0.4694592705E+00
   -0.1504794191E-01   -0.1786923011E-03   -0.1891502054E-01
   -0.2680640448E+00   -0.2586812614E+00    0.1757525183E+00
    0.2766695617E+00    0.3911786332E+00   -0.5816054647E+00
# Rank 13 singular_val=  0.230E+02
    0.1834397603E+00    0.2350825339E+00    0.6400279567E+00
    0.2846482533E-02   -0.2023267783E-01    0.1605984258E-01
    0.6143605592E-02   -0.1318812246E-01   -0.2330811709E-01
   -0.1834397470E+00   -0.2350825312E+00   -0.6400279534E+00
    0.4262669363E-02    0.2287386465E-01   -0.9030913796E-02
   -0.3183610567E-02    0.1034046218E-01    0.2702276698E-01
# Rank 14 singular_val=  0.152E+02
   -0.2542589027E+00    0.6369629163E+00   -0.1615991377E+00
    0.3741400207E-01   -0.1967168461E-02    0.2006140281E-01
   -0.1851870244E-01   -0.8754123766E-02    0.2160005102E-01
    0.2542588795E+00   -0.6369629184E+00    0.1615991439E+00
   -0.2665139825E-02    0.4221337874E-01   -0.4190473892E-01
    0.1481474337E-01    0.4426587060E-02   -0.2358653676E-01
# Rank 15 singular_val=  0.127E+02
    0.6331097706E+00    0.1882680463E+00   -0.2515472120E+00
    0.1005766509E-01   -0.1551280231E-01    0.3219199465E-02
    0.9391001176E-02   -0.1086404158E-01   -0.1850364192E-02
   -0.6331097820E+00   -0.1882680520E+00    0.2515472050E+00
    0.6083218030E-02    0.8462430392E-02   -0.6994656656E-02
    0.6811953502E-02   -0.1088179974E-02    0.1163486706E-01
# Rank 16 singular_val=  0.434E-04
   -0.7071063647E+00    0.7334691203E-03   -0.2238064060E-03
   -0.1406735923E-08   -0.1275572068E-08   -0.6375947826E-09
    0.5789655046E-08   -0.1042102477E-09   -0.4897480603E-08
   -0.7071063660E+00    0.7334888451E-03   -0.2238273897E-03
    0.1476996873E-08    0.6645660340E-08    0.1485479694E-09
   -0.4308069008E-08   -0.1806315891E-08    0.3300715489E-08
# Rank 17 singular_val=  0.985E-05
    0.2204277473E-03   -0.3261430045E-02   -0.7070992233E+00
    0.7880137003E-09   -0.8815704616E-09    0.1501085960E-09
    0.4347789652E-10   -0.3475073529E-09    0.6611627248E-09
    0.2204353835E-03   -0.3261434670E-02   -0.7070992274E+00
   -0.1469566633E-08    0.1622241749E-08   -0.3897720345E-09
   -0.1377540609E-10    0.1072468688E-08   -0.1554722243E-08
# Rank 18 singular_val=  0.775E-05
    0.7345053224E-03    0.7070988805E+00   -0.3261204304E-02
    0.1484344665E-09    0.1050258629E-08    0.7977424521E-11
   -0.1767578289E-09    0.2054999426E-10    0.9198479848E-10
    0.7345016167E-03    0.7070988780E+00   -0.3261199269E-02
    0.8237340878E-09    0.6698267134E-09    0.3738871220E-09
   -0.5546476263E-09   -0.7325990905E-09   -0.2211313248E-09
