# row 1-3: TCRa [const, hinge, var], row 4-6: ditto for TCRb
# Rank  1 singular_val=  0.485E+03
   -0.2025434786E+00    0.2107140212E+00    0.4950192723E+00
   -0.5442375548E-01    0.1996184062E+00    0.5507448071E+00
    0.1044023686E-01    0.1359117104E-01   -0.4823963940E-02
    0.1041755136E+00    0.1353500702E+00    0.4850645693E+00
   -0.4798918035E-01    0.3097401838E-01    0.2346066232E+00
   -0.1447750902E-01   -0.9935029749E-02    0.3825988725E-02
# Rank  2 singular_val=  0.318E+03
   -0.2582768494E+00   -0.3645141890E+00    0.2329125102E+00
   -0.1406226676E+00   -0.5179090753E+00   -0.3242887177E+00
    0.2174294933E-01    0.1265594786E-01    0.5356337780E-03
   -0.5963665684E-01    0.7260813155E-03    0.1062006432E+00
   -0.7088929142E-02    0.1161097507E+00    0.5689066179E+00
   -0.1697354824E-01   -0.6811758996E-02    0.4086749163E-02
# Rank  3 singular_val=  0.227E+03
    0.1015373705E+00   -0.3100644572E+00   -0.1757676596E-01
   -0.3596805791E+00   -0.2691817318E+00    0.4409999278E+00
   -0.2490409729E-03   -0.5507558385E-02   -0.6081540840E-02
   -0.1959047323E+00   -0.4740923883E+00    0.7112256357E-01
    0.2089137883E+00   -0.3911514467E+00   -0.1786452153E+00
    0.2640128403E-02   -0.7331811637E-02    0.6638673366E-02
# Rank  4 singular_val=  0.141E+03
    0.4402777344E+00    0.2469205593E+00   -0.2310819889E+00
   -0.6406848864E+00    0.1284124691E-01    0.1036577606E+00
    0.1753010207E-01    0.3358344330E-01   -0.9345241581E-01
    0.1500542796E+00    0.8537433221E-01   -0.1523358458E+00
   -0.1927998892E+00    0.1493496531E+00    0.3726573819E+00
   -0.4169421515E-01   -0.4497240852E-01    0.7147426624E-01
# Rank  5 singular_val=  0.122E+03
   -0.2706866512E+00    0.1594509053E+00    0.1985654560E+00
   -0.5355265799E+00   -0.2034547232E+00   -0.2817015736E+00
   -0.2936879969E-01   -0.3665489581E-01    0.2197072036E-01
    0.1643018063E+00    0.2290657033E+00    0.1366937970E+00
   -0.9568557043E-01   -0.1066049818E-01   -0.5847864721E+00
    0.1523552383E-01    0.3707724129E-01   -0.2541567829E-01
# Rank  6 singular_val=  0.101E+03
   -0.3831101329E+00   -0.9446339406E-01   -0.2289846693E+00
   -0.6396637394E-01   -0.7446538247E-01    0.3779010985E+00
    0.3871717262E-02   -0.1348855650E-01    0.3951627745E-01
   -0.4949802531E+00    0.1381949863E+00   -0.2346912386E+00
   -0.3772634728E+00    0.4038167756E+00   -0.1037612010E+00
   -0.7544083693E-02    0.2838872411E-01   -0.3816540240E-01
# Rank  7 singular_val=  0.801E+02
    0.3354754247E+00   -0.1191511848E+00    0.4765137206E-01
    0.2980297089E+00   -0.5810242411E+00    0.3436229561E+00
   -0.1483978587E-02   -0.3491354060E-01    0.1976990914E-01
    0.4019645556E+00    0.2834467089E+00   -0.6312482628E-01
   -0.4257581267E-01    0.1990700000E+00   -0.1891514640E+00
    0.2348171773E-04    0.3773335526E-01   -0.1852107673E-01
# Rank  8 singular_val=  0.730E+02
   -0.1871654921E+00    0.4269796421E-01   -0.1092432307E+00
   -0.1626307272E+00    0.5475931530E-01    0.1196509081E+00
   -0.6186905946E-01   -0.8962030448E-01    0.1291715483E+00
    0.6774214966E-01    0.1549391777E+00   -0.1759535910E+00
    0.8249780347E+00    0.3264727186E+00    0.5731821462E-01
    0.9793471493E-01    0.8308988168E-01   -0.1113319927E+00
# Rank  9 singular_val=  0.595E+02
   -0.5511325919E+00    0.4799150653E-01   -0.2620153132E+00
    0.2344158427E-01   -0.2996757853E-01    0.1685555682E+00
    0.1256973656E-01    0.6955433979E-01   -0.8342962833E-01
    0.5525332788E+00   -0.7227041857E-01   -0.3240644718E+00
   -0.1138037808E+00   -0.3544520081E+00    0.1483051284E+00
   -0.1406325493E-01   -0.6322508653E-01    0.5631929172E-01
# Rank 10 singular_val=  0.421E+02
    0.4418297487E-01   -0.6565411485E+00    0.1290524092E+00
   -0.1507923032E+00    0.4431445784E+00   -0.2071414988E-02
   -0.2193990152E-01   -0.4148941881E-01    0.9198199589E-01
    0.3785422099E+00   -0.1659992428E+00   -0.4110334572E-01
   -0.1644289405E+00    0.3188671304E+00   -0.1041690789E+00
    0.4098557224E-01    0.3654201391E-01   -0.7379038296E-01
# Rank 11 singular_val=  0.388E+02
    0.6916260755E-01    0.4641438574E-02   -0.2436075735E-01
   -0.3782611757E-01    0.1834269317E-01    0.1230250253E-01
   -0.8405006287E-01   -0.2943860073E+00    0.5812528770E+00
   -0.2724675759E-01    0.1756453717E+00   -0.5611182447E-01
   -0.1633660498E+00   -0.3327852316E+00    0.1523123344E+00
    0.1365006794E+00    0.2756190904E+00   -0.5206980125E+00
# Rank 12 singular_val=  0.369E+02
   -0.7495754243E-01    0.3846776066E+00   -0.8799542165E-01
    0.7849004252E-01   -0.1822464148E+00   -0.5127896603E-01
   -0.6794802172E-01   -0.1156863845E+00    0.1553073771E+00
    0.1719254410E+00   -0.6890899958E+00    0.1714745789E+00
   -0.1056501952E+00    0.3999817928E+00   -0.1309662879E-01
    0.9498482687E-01    0.9046860145E-01   -0.1794551924E+00
# Rank 13 singular_val=  0.240E+02
   -0.6064221248E-01   -0.1762470534E+00   -0.6614722717E+00
    0.4886430906E-02    0.8562075302E-02   -0.2183290782E-01
    0.7405121185E-01   -0.3258004828E-01    0.9764935237E-03
    0.8370039432E-01    0.1707573609E+00    0.6802608175E+00
    0.2602201795E-01    0.4435423485E-02    0.2714431104E-02
   -0.1294951861E+00    0.6480452942E-01   -0.1626607152E-02
# Rank 14 singular_val=  0.195E+02
    0.2194641283E-01   -0.1669756400E-02   -0.5343650863E-01
   -0.1269259203E-01   -0.2781600070E-01   -0.2324370511E-02
    0.5462573523E-01    0.6645754179E+00    0.3513160390E+00
    0.3054522102E-02    0.2787917494E-01    0.6468822709E-01
    0.1252974747E-01    0.2796646246E-01   -0.3129013660E-01
    0.2382855039E+00   -0.5512753165E+00   -0.2451094945E+00
# Rank 15 singular_val=  0.168E+02
    0.3303499396E-02   -0.4772234376E-01   -0.7998909252E-01
    0.1076927550E-01   -0.6353460273E-02    0.6091981462E-02
   -0.4557787337E+00   -0.3086525488E+00   -0.2196568482E+00
   -0.2182284944E-01    0.7060204415E-01    0.9787533625E-01
   -0.5882057507E-01   -0.3943546301E-01    0.3270010172E-01
    0.7267088802E+00   -0.2773614998E+00    0.1170905443E+00
# Rank 16 singular_val=  0.141E+02
   -0.9229482677E-02    0.1884164305E-01   -0.8664612035E-02
   -0.1265595251E-02   -0.6926694281E-02    0.2128195649E-02
   -0.1307998624E-01   -0.1344110260E+00    0.6486638607E+00
    0.1110881083E-01   -0.1658434193E-01   -0.7685137289E-03
   -0.9987895630E-02    0.5516408366E-02    0.1940936278E-02
   -0.2130433369E-01   -0.8947162857E-01    0.7425876175E+00
# Rank 17 singular_val=  0.110E+02
    0.1167082384E-01   -0.1083143843E-01   -0.2017290910E-01
   -0.4077150703E-03   -0.2468523538E-02    0.3517034355E-02
   -0.4669303860E+00    0.5667023744E+00    0.7659921068E-02
   -0.5013812703E-02    0.6213810872E-02    0.2592650520E-01
   -0.2321141915E-01   -0.1948834531E-01    0.2084953658E-01
    0.1548128821E+00    0.6367669098E+00    0.1689920922E+00
# Rank 18 singular_val=  0.981E+01
    0.1664971573E-02    0.9370276666E-02   -0.2899271812E-02
   -0.9118612543E-02    0.2334302511E-02   -0.8837413069E-03
    0.7400579688E+00    0.6252010756E-01   -0.4682643715E-01
    0.1761953407E-02   -0.1272670763E-02    0.2922201542E-02
   -0.1318971125E-01   -0.6952079000E-02   -0.1308286632E-02
    0.5764276623E+00    0.3150814055E+00    0.1193396323E+00
