# row 1-3: Va, row 4-6: Vb
# Rank  1 singular_val=  0.195E+02
    0.2057269063E+00    0.5188077932E+00    0.2143545320E+00
   -0.1343448197E-01    0.2507773153E+00   -0.5503422685E+00
   -0.4289939256E-01   -0.7032335445E-01   -0.1130067734E+00
   -0.7902321815E-01    0.3001590240E+00    0.1736484420E+00
   -0.8322049206E-02    0.1010019694E+00   -0.2346056099E+00
   -0.2262120138E-01    0.1477299196E+00   -0.2071816624E+00
# Rank  2 singular_val=  0.124E+02
    0.6855184657E-01    0.1500331788E+00    0.7032480983E-01
    0.3881377641E+00   -0.1382596376E+00   -0.1775494775E+00
    0.1939355942E+00    0.3359305780E+00    0.1442377555E+00
    0.4190668705E+00   -0.3702690368E-01    0.2275794435E-02
    0.1634643898E+00    0.6455535598E-01    0.4780571383E+00
    0.3041207584E+00   -0.6960865973E-01   -0.2480626981E+00
# Rank  3 singular_val=  0.766E+01
   -0.3291249542E+00   -0.7301718268E-01   -0.7531399607E-01
    0.1386025611E+00   -0.1754652230E+00    0.2171726747E+00
    0.1333893556E+00    0.2470081087E+00   -0.1563288912E+00
   -0.3234247051E+00    0.3373572058E+00    0.1807460341E+00
    0.1809887523E+00    0.4556727180E+00   -0.2760408863E+00
    0.2628610623E+00   -0.6705063167E-01   -0.1974804312E+00
# Rank  4 singular_val=  0.627E+01
   -0.1998800127E+00    0.3386394100E+00    0.8471892603E-01
    0.2073543944E+00   -0.2819909231E-01   -0.2052053357E+00
    0.1434844083E+00    0.2792443923E+00   -0.2428835687E+00
   -0.3139202894E+00   -0.3744899076E+00   -0.2426970570E+00
   -0.8227128208E-02   -0.6578839455E-02   -0.3804292693E-01
   -0.4467944433E-01   -0.2653425169E+00    0.4723182201E+00
# Rank  5 singular_val=  0.488E+01
   -0.5403145387E+00    0.1765938787E+00   -0.2317562037E-01
   -0.1297377304E+00    0.2328609720E-01    0.1094939122E+00
    0.2679099095E-01    0.7799627061E-01   -0.5593189283E+00
    0.3398803858E+00    0.6378242264E-01    0.5995671601E-01
   -0.1243003392E+00   -0.2665059680E+00    0.1164900319E+00
   -0.1617089098E+00    0.2251852043E+00   -0.1650758995E+00
# Rank  6 singular_val=  0.189E+01
    0.6705812912E-01   -0.5917190050E-01   -0.3299360450E-01
    0.4006906775E+00   -0.2534777235E+00    0.6733614590E-02
    0.1965419569E+00    0.3392168494E+00    0.2602592738E+00
   -0.2260941463E-01    0.1420474009E+00    0.7771357350E-01
   -0.2490309184E+00   -0.3025823180E+00   -0.3155495799E+00
   -0.4150483922E+00    0.3041183352E+00   -0.2668997028E-02
# Rank  7 singular_val=  0.697E+00
   -0.3319551852E-01   -0.2484143701E+00    0.6350893719E+00
    0.2316117466E+00    0.5923775987E+00    0.2584479645E+00
    0.3026723386E-01    0.1309540077E+00   -0.2191584421E-01
   -0.6211729671E-02    0.7177528214E-01   -0.1255441695E+00
    0.2192645113E-01   -0.9926577337E-01   -0.5473227295E-01
   -0.1944579296E-03   -0.7644458808E-01   -0.6187408555E-01
# Rank  8 singular_val=  0.330E+00
    0.2110552608E+00    0.3098102870E-01   -0.1795325942E+00
   -0.1076442325E+00   -0.8976034014E-01    0.1356298473E-01
   -0.5074094369E-01    0.1466657147E+00   -0.1505555390E+00
   -0.2539405088E-01    0.2758517058E+00   -0.6070927239E+00
    0.3521991236E+00   -0.3977326292E+00   -0.1911053976E+00
    0.6513663872E-01   -0.1895349084E+00   -0.2268473075E+00
# Rank  9 singular_val=  0.232E+00
    0.5518404399E+00   -0.2133383775E+00   -0.6067686441E-01
    0.1162627103E+00   -0.3113732707E-01    0.6963589881E-01
   -0.1568451655E-01    0.1448094887E+00   -0.5881069534E+00
   -0.2707783470E+00   -0.1070047715E+00    0.2213529414E+00
   -0.9193946161E-01   -0.9092574519E-01    0.2109188225E+00
    0.1368475105E+00    0.2144953503E+00   -0.1205125808E-01
# Rank 10 singular_val=  0.200E+00
   -0.7326148262E-01    0.7985783577E-01   -0.1236577559E+00
    0.1716091562E+00    0.1453511689E+00    0.6779757189E-01
   -0.3598727315E+00    0.7265934579E-01    0.6688328670E-01
   -0.1324520150E+00   -0.3440138586E+00   -0.4190638319E-01
    0.5645558734E+00    0.1559446562E+00    0.5514718220E-01
   -0.3221816434E+00    0.4011016671E+00   -0.1735450117E+00
# Rank 11 singular_val=  0.173E+00
   -0.6462723061E-03    0.7444027222E-01    0.5700355026E-01
   -0.6133674632E+00    0.1364727475E+00    0.3456010535E-01
    0.1625174980E+00    0.5375715371E+00    0.2638830669E+00
   -0.1235718335E+00   -0.6156933159E-01    0.1300946276E+00
    0.9256748533E-01   -0.1440864878E+00    0.4590083430E-01
    0.2224419599E+00    0.2824571621E+00    0.1160008212E+00
# Rank 12 singular_val=  0.149E+00
   -0.9492942376E-01    0.4184476247E-01    0.1915386243E+00
    0.1660941248E+00   -0.1699443361E+00    0.2910961267E-01
    0.2342714115E+00   -0.4198130071E+00    0.7096852884E-02
   -0.4768104503E-01    0.1556049453E+00   -0.1244956303E+00
    0.2828973718E+00   -0.1728780488E+00    0.1544370389E-01
    0.3499030618E+00    0.5114485331E+00    0.3576376681E+00
# Rank 13 singular_val=  0.123E+00
   -0.2064001540E+00   -0.5992667658E-01   -0.2027982555E+00
    0.2433774003E+00    0.1420763804E+00   -0.1429206481E+00
   -0.4939228194E+00    0.5416049290E-01    0.9567982395E-01
   -0.7350662209E-02   -0.5546055598E-01    0.3264587297E+00
   -0.4923920029E-02   -0.4432611257E+00   -0.1940459992E+00
    0.4414305738E+00   -0.1116701937E+00    0.7478915734E-01
# Rank 14 singular_val=  0.939E-01
    0.9582325385E-01   -0.3519973245E+00   -0.1870885706E-03
   -0.7032378859E-01    0.1187036622E-01   -0.2659415736E+00
    0.1678540596E-01    0.1658270621E+00   -0.2099304732E+00
    0.4889252682E+00    0.9100319529E-01    0.1696467324E+00
    0.3746415222E+00    0.1631282003E+00   -0.2664141986E+00
   -0.1514399494E+00   -0.5717653502E-01    0.4230803592E+00
# Rank 15 singular_val=  0.823E-01
    0.2440908782E+00    0.3825712364E+00   -0.8429296849E-02
    0.1627704401E-01    0.7159964853E-02    0.4546606155E+00
    0.2581549765E+00   -0.1284555903E+00   -0.3450459272E-01
    0.2540891222E+00   -0.3633296784E+00    0.2517843282E+00
    0.1470805567E+00   -0.8069161273E-01   -0.4211264385E+00
    0.9811922426E-01   -0.1393030828E+00   -0.9017116636E-01
# Rank 16 singular_val=  0.661E-01
   -0.1183647903E+00   -0.2729258340E+00   -0.4324117852E+00
    0.6832862609E-01    0.4316740785E+00   -0.2992629721E+00
    0.5399049054E+00   -0.1322487446E+00   -0.4835757783E-02
   -0.5306379254E-01   -0.2250770241E+00   -0.9124441178E-01
   -0.2514466072E-01   -0.2017958193E-01   -0.1104264447E+00
    0.8420571842E-01    0.8751546772E-01   -0.2125023511E+00
# Rank 17 singular_val=  0.605E-01
   -0.4808634146E-01   -0.2176238336E+00    0.3309850906E+00
   -0.1092059965E+00   -0.3205703952E+00   -0.2159452563E+00
   -0.1653640751E+00    0.4269612060E-01   -0.6918043610E-01
    0.1236010104E+00   -0.4255229402E+00   -0.2647251655E+00
   -0.2145143494E+00    0.1441510663E+00   -0.3567498726E+00
    0.2494399843E+00    0.2152874596E+00   -0.2764720437E+00
# Rank 18 singular_val=  0.448E-01
   -0.1265932270E+00   -0.1899434954E+00    0.3200347433E+00
   -0.1285868792E+00   -0.2890714449E+00   -0.2275240199E+00
    0.1963501695E+00   -0.1602584621E+00    0.4565483347E-02
   -0.2609815277E+00   -0.1268656384E+00    0.3521083133E+00
    0.3375734463E+00   -0.3366018318E+00    0.1039312565E+00
   -0.2051213408E+00   -0.2757891126E+00   -0.2548981591E+00
