# row 1-3: TCRa [const, hinge, var], row 4-6: ditto for TCRb
# Rank  1 singular_val=  0.330E+03
    0.5418273882E-02   -0.2770932431E-02    0.1974622164E-02
   -0.7504304414E-01   -0.1649451761E-01    0.1458049051E-01
   -0.2344381452E+00   -0.5593681547E+00   -0.5065568844E+00
   -0.5418273574E-02    0.2770932965E-02   -0.1974622038E-02
   -0.2279700006E+00   -0.4518015883E-01    0.2125161802E-01
   -0.1372486814E-01   -0.4105911259E+00   -0.3822453592E+00
# Rank  2 singular_val=  0.201E+03
    0.5447946217E-02   -0.3964267783E-02   -0.4865929030E-02
    0.3080610247E+00   -0.4506196119E-01   -0.3913355634E+00
    0.1342089638E+00   -0.1052395779E+00    0.4037629307E+00
   -0.5447946869E-02    0.3964267378E-02    0.4865929405E-02
   -0.4224692872E+00   -0.1748969256E+00   -0.3242534542E+00
   -0.1444002415E+00   -0.4327623003E+00    0.1879629294E+00
# Rank  3 singular_val=  0.187E+03
   -0.1973078872E-02   -0.8332067058E-02   -0.1080056568E-01
   -0.2391396352E+00   -0.2650826205E+00   -0.6975783056E+00
   -0.3216791381E-01    0.1498117826E+00   -0.2558670531E+00
    0.1973078471E-02    0.8332067162E-02    0.1080056593E-01
    0.2776559880E+00   -0.1452614533E+00   -0.3643240488E+00
    0.1278522030E+00    0.1503582387E+00   -0.1634692021E+00
# Rank  4 singular_val=  0.169E+03
    0.1206294004E-01   -0.5213941963E-02   -0.1073357554E-02
   -0.6620383264E-01    0.1833681035E+00    0.4658182375E+00
    0.4829279832E-01    0.3681303138E+00   -0.2809564217E-01
   -0.1206294093E-01    0.5213941502E-02    0.1073357025E-02
   -0.2327110356E-01   -0.2015046976E+00   -0.6507896176E+00
    0.3900386538E-01   -0.1565260011E+00   -0.3395922044E+00
# Rank  5 singular_val=  0.122E+03
    0.4271158326E-02    0.8029595312E-02   -0.1077732364E-01
   -0.6358337792E+00   -0.2458454009E-01    0.6242440862E-02
   -0.4992280210E+00    0.1853726232E+00    0.2273869593E+00
   -0.4271156677E-02   -0.8029595099E-02    0.1077732365E-01
   -0.1959126414E+00   -0.3015235878E+00    0.1570118063E+00
   -0.2795748859E+00   -0.9621127599E-01    0.1341945428E+00
# Rank  6 singular_val=  0.967E+02
    0.2004560939E-01   -0.3366588571E-03   -0.1937460506E-01
   -0.8595934440E-01    0.2483166404E-01   -0.1918257461E+00
    0.4235150378E-02    0.4133087293E+00   -0.4050433116E-01
   -0.2004560754E-01    0.3366598078E-03    0.1937460350E-01
   -0.4711399801E+00    0.6696601183E+00    0.8971354430E-01
   -0.6074064317E-01   -0.2038203170E-01   -0.3139889516E+00
# Rank  7 singular_val=  0.934E+02
   -0.9465207919E-03    0.1618303564E-01   -0.8662720849E-03
    0.1715442772E+00    0.2494620620E+00   -0.1860123674E+00
   -0.1626874281E-01    0.2945918240E+00    0.1683808027E+00
    0.9465179558E-03   -0.1618303579E-01    0.8662720267E-03
    0.4032188462E+00   -0.1671377064E+00    0.4300861233E+00
    0.7656948133E-01   -0.4898764872E+00   -0.3694266826E+00
# Rank  8 singular_val=  0.742E+02
   -0.1165764075E-02   -0.1505986719E-01   -0.7225772235E-02
   -0.2892607531E+00   -0.6937386444E+00    0.2318261512E+00
    0.2773703155E+00   -0.9733642247E-02    0.1702024615E+00
    0.1165761555E-02    0.1505986939E-01    0.7225772439E-02
    0.1426489420E+00    0.1888761798E+00    0.3773377205E-01
    0.2324283227E+00   -0.4027181987E+00    0.3318506993E-01
# Rank  9 singular_val=  0.562E+02
   -0.1382775973E-01    0.3799021256E-02    0.3322148167E-02
   -0.1409577037E+00    0.3534910792E+00   -0.5943548994E-01
   -0.3899846770E+00   -0.2027560009E+00    0.2009407325E+00
    0.1382775221E-01   -0.3799021119E-02   -0.3322147606E-02
    0.2903908304E+00    0.4785429065E+00   -0.3011406281E+00
    0.3204009965E+00   -0.2161149617E+00    0.2534867453E+00
# Rank 10 singular_val=  0.483E+02
    0.1222356563E-01    0.9967526527E-02   -0.4109329825E-01
    0.4323863894E+00   -0.4166719484E+00    0.1048910816E+00
   -0.5053495277E+00    0.4545071371E-01    0.7874741535E-01
   -0.1222356852E-01   -0.9967527412E-02    0.4109329833E-01
    0.2644100940E+00    0.1790129386E+00   -0.1345085861E+00
   -0.4719211869E+00    0.3428005873E-01   -0.1302644202E+00
# Rank 11 singular_val=  0.437E+02
   -0.1597765973E-01   -0.6163386456E-02    0.2108317614E-02
    0.3155383199E+00   -0.2174113467E+00    0.5431576787E-01
   -0.4326537950E+00    0.2317793996E+00   -0.6864982911E-01
    0.1597766198E-01    0.6163387389E-02   -0.2108318933E-02
   -0.2986443880E+00   -0.1974251379E+00    0.9892403591E-01
    0.6744604851E+00    0.5462259598E-01    0.9037005329E-01
# Rank 12 singular_val=  0.298E+02
   -0.1716484348E-01    0.2064400550E-01    0.2569909800E-01
   -0.8106670989E-01   -0.4104069767E-01   -0.1676045127E-01
   -0.3703160635E-01   -0.3569963893E+00    0.5924951782E+00
    0.1716483633E-01   -0.2064400662E-01   -0.2569909890E-01
   -0.6973960695E-01   -0.4505371260E-01   -0.5961737917E-02
    0.1891242342E+00    0.3656954064E+00   -0.5765431812E+00
# Rank 13 singular_val=  0.192E+02
   -0.2106200640E-01    0.1508642902E+00    0.6882088761E+00
    0.1028230686E-01   -0.3773226542E-01   -0.8167886207E-02
   -0.2370372069E-01    0.3520760989E-01   -0.1895928081E-01
    0.2106199991E-01   -0.1508642852E+00   -0.6882088842E+00
    0.2654335763E-02    0.2255444602E-01   -0.1328593447E-01
   -0.3797854537E-01   -0.1907061473E-01    0.8626042066E-02
# Rank 14 singular_val=  0.152E+02
   -0.3699036795E+00    0.5849990322E+00   -0.1404484632E+00
   -0.6243391279E-02   -0.1079568766E-01    0.5239232606E-02
    0.2414621905E-01    0.9257733774E-02   -0.2735482906E-01
    0.3699036805E+00   -0.5849990346E+00    0.1404484679E+00
   -0.1696330999E-01    0.3140849991E-02   -0.1650210886E-01
   -0.2108616864E-02   -0.1200649692E-01    0.1116712270E-01
# Rank 15 singular_val=  0.115E+02
    0.6010044645E+00    0.3657388010E+00   -0.5990251978E-01
   -0.3923703978E-02   -0.3911041579E-02   -0.1310512512E-02
    0.6517505162E-02   -0.1824944245E-01    0.1578705431E-02
   -0.6010044377E+00   -0.3657388024E+00    0.5990252820E-01
    0.6306418401E-02   -0.1097168179E-01   -0.1099239130E-02
    0.4332683242E-01    0.9239645108E-02    0.1861635433E-01
# Rank 16 singular_val=  0.357E-04
   -0.7071060731E+00    0.8368698766E-03   -0.5338427088E-03
   -0.7876913200E-10   -0.3559754245E-09    0.9205997977E-10
    0.1680478971E-08    0.2488989244E-08   -0.4868457826E-08
   -0.7071060958E+00    0.8368569393E-03   -0.5338337743E-03
   -0.3933727307E-08   -0.2544628934E-08    0.2130926982E-08
   -0.6034724418E-09    0.1299943664E-08    0.2815965404E-08
# Rank 17 singular_val=  0.806E-05
    0.5231235354E-03   -0.9019087461E-02   -0.7070490712E+00
   -0.2859573803E-09    0.2231449768E-09   -0.1468512296E-09
    0.5213311674E-09   -0.1001075340E-08   -0.1134811534E-09
    0.5231185816E-03   -0.9019093866E-02   -0.7070490617E+00
    0.8670100607E-09   -0.4688034109E-09   -0.2110916986E-09
   -0.1054240731E-09   -0.3373920218E-09    0.9582850368E-09
# Rank 18 singular_val=  0.641E-05
    0.8436042373E-03    0.7070487656E+00   -0.9018465427E-02
    0.6917891368E-09    0.1095836952E-08   -0.1103916092E-09
   -0.1014512866E-09   -0.4984346073E-09    0.6345459521E-09
    0.8436040958E-03    0.7070487638E+00   -0.9018459895E-02
    0.3689316190E-09   -0.7330393486E-09   -0.4938678066E-09
   -0.7506584427E-09    0.9165386963E-09   -0.4079620902E-09
