# row 1-3: TCRa [const, hinge, var], row 4-6: ditto for TCRb
# Rank  1 singular_val=  0.549E+03
   -0.1240867316E-02    0.1062160005E-01   -0.6523699133E-02
    0.3568763357E+00    0.3981217252E-01    0.5185540982E-01
    0.3454574250E+00    0.6032297380E+00    0.4875896745E+00
    0.1240868900E-02   -0.1062160011E-01    0.6523699024E-02
    0.1792667331E+00   -0.2073065288E-01   -0.1156423251E+00
    0.5949233667E-01    0.2155948674E+00    0.2260992281E+00
# Rank  2 singular_val=  0.290E+03
   -0.1578914726E-02    0.2799023030E-02   -0.4123550128E-02
    0.4788551160E+00    0.2534321972E-01    0.6853715234E-01
    0.1800629772E-01   -0.4437211481E+00    0.3540296233E+00
    0.1578915359E-02   -0.2799022982E-02    0.4123550142E-02
   -0.3549601118E+00   -0.3454372731E-01    0.1853673169E+00
   -0.1626494087E+00   -0.3488063769E+00    0.3648042302E+00
# Rank  3 singular_val=  0.260E+03
   -0.9764529850E-02   -0.1382546022E-01    0.4052299169E-02
   -0.2862944161E+00   -0.3985041774E-01   -0.6037702786E-01
   -0.1722682704E+00   -0.2081576834E+00    0.1335363689E+00
    0.9764530390E-02    0.1382546016E-01   -0.4052298570E-02
    0.1401285218E+00    0.2135344547E+00    0.3612468979E+00
    0.2596265292E-01    0.5711653035E+00    0.5465548046E+00
# Rank  4 singular_val=  0.185E+03
   -0.1475455574E-02    0.1008627208E-01   -0.1036215205E-01
    0.6452955945E+00   -0.6147005417E-01   -0.2760063279E-02
    0.1092301203E+00   -0.2099359559E+00   -0.4181345057E+00
    0.1475455106E-02   -0.1008627258E-01    0.1036215242E-01
    0.3455107804E+00    0.1820643654E+00    0.2138088739E+00
    0.3096161075E+00    0.1946428255E+00   -0.1286729260E+00
# Rank  5 singular_val=  0.166E+03
    0.2820079795E-03   -0.6530116629E-02    0.6169100500E-02
   -0.9695879767E-01    0.1598970761E+00    0.9747436543E+00
   -0.3696015654E-02   -0.2294058403E-01   -0.1718220180E-01
   -0.2820070975E-03    0.6530116638E-02   -0.6169099991E-02
    0.6619475545E-01    0.4367776139E-01    0.6914866683E-01
    0.4887606919E-01    0.1469415472E-02   -0.2116475061E-01
# Rank  6 singular_val=  0.128E+03
   -0.5628736594E-02   -0.2030424113E-01    0.1873042636E-01
    0.9982322679E-01    0.1371292343E-04    0.6124948744E-01
   -0.1121931752E+00   -0.3672737762E+00   -0.1471680349E-02
    0.5628736252E-02    0.2030424185E-01   -0.1873042611E-01
    0.9374657932E-01   -0.2180443264E+00   -0.8142307439E+00
    0.8191717938E-01    0.2692843576E+00    0.1966896837E+00
# Rank  7 singular_val=  0.112E+03
    0.8425003893E-02    0.2088120076E-01   -0.2553835282E-01
    0.2979003550E+00   -0.4622267133E+00    0.1461638690E+00
   -0.5270156839E+00    0.2937166781E+00   -0.1283340772E+00
   -0.8425001334E-02   -0.2088120065E-01    0.2553835162E-01
   -0.2966897219E+00   -0.3288711586E-01    0.1396517985E-03
   -0.3524355784E+00    0.2754878146E+00   -0.6499340513E-01
# Rank  8 singular_val=  0.108E+03
    0.6792585219E-02    0.9885719198E-02    0.1622346879E-02
    0.1816037844E+00    0.8651893897E+00   -0.1114667981E+00
   -0.3429842191E+00    0.1265806215E+00   -0.9465155577E-01
   -0.6792584724E-02   -0.9885719558E-02   -0.1622346651E-02
   -0.1231559215E+00   -0.1300976110E-01    0.2622730257E-01
   -0.1272467808E+00    0.1704936885E+00   -0.4295868208E-01
# Rank  9 singular_val=  0.844E+02
   -0.1467797533E-01    0.5963878901E-02    0.4231794546E-02
    0.3737361492E-01   -0.5728595796E-01   -0.3193156787E-01
   -0.6447449255E+00    0.4137488014E-01    0.3572334901E+00
    0.1467797132E-01   -0.5963878278E-02   -0.4231794917E-02
    0.4905840730E+00   -0.1152700368E-01    0.3141405308E-01
    0.2847826221E+00   -0.3509170832E+00   -0.5200014189E-01
# Rank 10 singular_val=  0.623E+02
    0.5899944591E-02    0.4728221243E-01   -0.2596971456E-01
    0.3699548262E-02    0.6954181155E-02    0.7929875258E-02
    0.7639963742E-01   -0.4408436900E-01   -0.1262692408E+00
   -0.5899944128E-02   -0.4728221306E-01    0.2596971506E-01
    0.3885291683E+00   -0.7878588370E+00    0.2527844700E+00
   -0.3561799258E+00    0.1461149531E-01    0.8721835289E-01
# Rank 11 singular_val=  0.532E+02
    0.1282849284E-01   -0.3531284142E-01    0.1053995494E-01
    0.2889176542E-01    0.2621980451E-01   -0.1129008464E-01
    0.8619187065E-01   -0.1718246510E+00    0.1579104200E+00
   -0.1282849631E-01    0.3531284045E-01   -0.1053995594E-01
    0.4141474423E+00    0.4466865093E+00   -0.1279612062E+00
   -0.7065429124E+00   -0.8567610949E-02   -0.2161463706E+00
# Rank 12 singular_val=  0.401E+02
   -0.4595597327E-02   -0.9502855880E-03   -0.1864325103E-01
   -0.4463587570E-02    0.1364012226E-01    0.7113081591E-02
   -0.3932270554E-01    0.2806781357E+00   -0.4989378416E+00
    0.4595593891E-02    0.9502862392E-03    0.1864324976E-01
    0.1525742180E+00    0.2063278644E+00   -0.1540271837E+00
   -0.1251959528E+00   -0.4083463702E+00    0.6306691228E+00
# Rank 13 singular_val=  0.231E+02
    0.9313108468E-01    0.1221861983E-01    0.6992767514E+00
    0.2388010504E-01   -0.2015511948E-01   -0.2709260084E-02
   -0.5986365963E-02    0.2820359748E-01   -0.2548604101E-01
   -0.9313108582E-01   -0.1221861636E-01   -0.6992767526E+00
    0.6042516730E-03   -0.2355859765E-01    0.2807356248E-01
   -0.1488238697E-01   -0.6587105636E-02    0.1748261646E-01
# Rank 14 singular_val=  0.179E+02
    0.7284841642E-01    0.6994958348E+00   -0.1808388938E-01
   -0.3184830741E-01    0.3864678078E-02    0.4902325574E-02
    0.1074789206E-01   -0.3656867063E-01    0.1900196349E-01
   -0.7284842935E-01   -0.6994958360E+00    0.1808389314E-01
    0.1926236731E-02    0.7356908649E-01   -0.4286521708E-01
    0.2451698093E-03    0.4456206286E-02    0.1644528980E-02
# Rank 15 singular_val=  0.134E+02
   -0.6966586667E+00    0.7506677341E-01    0.9114229119E-01
    0.5120091612E-02    0.2839326365E-02    0.1820460973E-02
    0.9115853333E-02    0.4723555466E-02   -0.8943775572E-02
    0.6966587105E+00   -0.7506677420E-01   -0.9114229571E-01
   -0.7873867562E-02    0.2970036393E-02    0.5430765111E-03
   -0.3006697656E-01    0.4446126286E-02   -0.1521738474E-01
# Rank 16 singular_val=  0.464E-04
   -0.7071065832E+00    0.2285228591E-03    0.5092541964E-03
    0.1075369772E-08   -0.2367281495E-09    0.1002686229E-08
    0.1173247311E-08    0.1184500611E-08   -0.4459136848E-10
   -0.7071065386E+00    0.2285307408E-03    0.5092494365E-03
   -0.3496845915E-08   -0.2386275704E-08    0.1338099113E-08
   -0.5798552913E-09    0.2849936350E-08   -0.8522152787E-09
# Rank 17 singular_val=  0.104E-04
   -0.5113571951E-03   -0.6589994229E-02   -0.7070758882E+00
   -0.3637524939E-09    0.5575177977E-09    0.2129147790E-09
    0.4742463854E-09   -0.7871149423E-09    0.2995152698E-09
   -0.5113618424E-03   -0.6589997465E-02   -0.7070758865E+00
    0.1036862080E-10   -0.4297606292E-09    0.2729083223E-09
    0.9205248676E-09    0.5849090628E-09   -0.6771578587E-10
# Rank 18 singular_val=  0.831E-05
   -0.2237702564E-03   -0.7070760360E+00    0.6590160756E-02
   -0.1050766373E-09   -0.3351957365E-09    0.6186197381E-10
   -0.4878124345E-09    0.2345486284E-09   -0.5580469212E-10
   -0.2237712655E-03   -0.7070760347E+00    0.6590157359E-02
   -0.2570420382E-09   -0.1686333333E-09   -0.4786662427E-09
    0.6078569916E-09   -0.3623995361E-09    0.5613370282E-09
