0 1 0 0.917113
0 1 1 -0.7525
0 1 2 -0.818485
0 1 3 -0.828014
0 1 4 0.822965
0 1 5 0.994263
0 1 6 -0.867044
0 1 7 -0.863613
0 1 8 0.220805
0 1 9 -0.114976
0 1 10 0.0304962
0 1 11 0.622556
0 1 12 -0.259703
0 1 13 0.0845989
0 1 14 -0.651178
0 1 15 0.492255
0 1 16 -0.513816
0 1 17 -0.994109
0 2 0 0.704572
0 2 1 -0.696627
0 2 2 0.747795
0 2 3 0.897629
0 2 4 0.901129
0 2 5 -0.997009
0 2 6 0.681184
0 2 7 -0.677928
0 2 8 0.407916
0 2 9 -0.15806
0 2 10 -0.158287
0 2 11 -0.312826
0 2 12 -0.552147
0 2 13 -0.290463
0 2 14 -0.281611
0 2 15 0.11811
0 2 16 -0.384517
0 2 17 -0.99413
0 3 0 -0.651652
0 3 1 -0.220739
0 3 2 -0.468831
0 3 3 -0.791713
0 3 4 0.902607
0 3 5 0.997776
0 3 6 0.651061
0 3 7 0.593988
0 3 8 0.0237212
0 3 9 0.506709
0 3 10 0.36805
0 3 11 -0.335394
0 3 12 -0.161343
0 3 13 -0.0705422
0 3 14 0.462835
0 3 15 0.304743
0 3 16 -0.622497
0 3 17 -0.990617
0 4 0 0.544551
0 4 1 0.739007
0 4 2 -0.507577
0 4 3 -0.895482
0 4 4 -0.920935
0 4 5 0.997256
0 4 6 0.825133
0 4 7 0.706969
0 4 8 -0.131253
0 4 9 -0.183459
0 4 10 -0.23713
0 4 11 -0.575045
0 4 12 0.172528
0 4 13 0.217183
0 4 14 -0.561797
0 4 15 0.174904
0 4 16 0.437828
0 4 17 -0.724171
0 5 0 -0.649306
0 5 1 -0.292891
0 5 2 0.474298
0 5 3 0.909759
0 5 4 -0.888265
0 5 5 0.997792
0 5 6 -0.576771
0 5 7 0.485419
0 5 8 0.145692
0 5 9 0.564166
0 5 10 0.0551062
0 5 11 -0.50536
0 5 12 0.0453104
0 5 13 0.0503006
0 5 14 -0.438254
0 5 15 -0.692072
0 5 16 -0.561893
0 5 17 0.984808
1 2 0 0.882259
1 2 1 0.502738
1 2 2 -0.48948
1 2 3 -0.815729
1 2 4 0.878814
1 2 5 -0.994936
1 2 6 -0.914045
1 2 7 0.904872
1 2 8 -0.039806
1 2 9 -0.130925
1 2 10 0.451143
1 2 11 0.149617
1 2 12 -0.128261
1 2 13 0.314407
1 2 14 0.488631
1 2 15 0.518927
1 2 16 0.841351
1 2 17 0.994951
1 3 0 -0.856756
1 3 1 0.645102
1 3 2 0.810665
1 3 3 0.749588
1 3 4 0.741379
1 3 5 0.988982
1 3 6 -0.918231
1 3 7 -0.868002
1 3 8 0.414459
1 3 9 -0.328482
1 3 10 0.8233
1 3 11 -0.460421
1 3 12 -0.533379
1 3 13 -0.741709
1 3 14 -0.811172
1 3 15 0.709126
1 3 16 0.84973
1 3 17 0.974765
1 4 0 0.404081
1 4 1 -0.569754
1 4 2 0.798825
1 4 3 0.834523
1 4 4 -0.807976
1 4 5 0.992965
1 4 6 -0.803665
1 4 7 -0.741267
1 4 8 -0.492713
1 4 9 0.0171136
1 4 10 -0.54873
1 4 11 -0.465944
1 4 12 -0.0994945
1 4 13 -0.12437
1 4 14 0.0777366
1 4 15 -0.378323
1 4 16 -0.339507
1 4 17 0.723372
1 5 0 -0.862614
1 5 1 0.767203
1 5 2 -0.735576
1 5 3 -0.810623
1 5 4 -0.737885
1 5 5 0.990162
1 5 6 0.868449
1 5 7 -0.826373
1 5 8 -0.602354
1 5 9 -0.268425
1 5 10 0.519656
1 5 11 -0.711197
1 5 12 -0.675574
1 5 13 -0.645288
1 5 14 0.673295
1 5 15 -0.156767
1 5 16 0.396569
1 5 17 -0.980022
2 3 0 -0.914742
2 3 1 0.427085
2 3 2 -0.0588011
2 3 3 -0.594747
2 3 4 0.962775
2 3 5 -0.996681
2 3 6 0.947857
2 3 7 -0.961298
2 3 8 -0.249107
2 3 9 -0.618575
2 3 10 0.469321
2 3 11 -0.503577
2 3 12 0.539804
2 3 13 -0.325747
2 3 14 -0.39919
2 3 15 0.509453
2 3 16 0.895187
2 3 17 0.980479
2 4 0 0.35918
2 4 1 -0.0999738
2 4 2 -0.0453049
2 4 3 -0.768972
2 4 4 -0.986155
2 4 5 -0.998867
2 4 6 0.753902
2 4 7 -0.526978
2 4 8 0.206963
2 4 9 0.0774391
2 4 10 -0.125893
2 4 11 0.158187
2 4 12 -0.0167418
2 4 13 -0.0901608
2 4 14 0.00578837
2 4 15 0.157924
2 4 16 -0.0424077
2 4 17 0.735288
2 5 0 -0.97702
2 5 1 0.146328
2 5 2 0.118501
2 5 3 0.814682
2 5 4 -0.946398
2 5 5 -0.996811
2 5 6 -0.973856
2 5 7 -0.88123
2 5 8 0.383906
2 5 9 -0.475911
2 5 10 0.626376
2 5 11 -0.350941
2 5 12 0.546043
2 5 13 -0.495433
2 5 14 0.645022
2 5 15 -0.270825
2 5 16 0.133512
2 5 17 -0.976603
3 4 0 0.00168647
3 4 1 -0.0899124
3 4 2 0.867446
3 4 3 0.948483
3 4 4 -0.986643
3 4 5 0.998065
3 4 6 0.721963
3 4 7 0.584731
3 4 8 -0.843502
3 4 9 0.0196864
3 4 10 -0.47367
3 4 11 0.125009
3 4 12 -0.26679
3 4 13 0.174167
3 4 14 -0.248605
3 4 15 -0.376697
3 4 16 -0.288685
3 4 17 0.740814
3 5 0 0.857655
3 5 1 0.872807
3 5 2 -0.842694
3 5 3 -0.921496
3 5 4 -0.989637
3 5 5 0.998785
3 5 6 -0.923988
3 5 7 0.93144
3 5 8 -0.690912
3 5 9 0.635526
3 5 10 0.717522
3 5 11 0.718893
3 5 12 0.825711
3 5 13 0.850894
3 5 14 -0.727635
3 5 15 -0.401481
3 5 16 0.426891
3 5 17 -0.985508
4 5 0 -0.411051
4 5 1 -0.412673
4 5 2 -0.968371
4 5 3 -0.990947
4 5 4 0.965552
4 5 5 0.998279
4 5 6 -0.686441
4 5 7 0.683129
4 5 8 0.776128
4 5 9 -0.449855
4 5 10 -0.188035
4 5 11 0.518988
4 5 12 -0.187874
4 5 13 0.419931
4 5 14 0.210046
4 5 15 -0.538293
4 5 16 -0.831791
4 5 17 -0.805434
