 pc            1
  -1.9385726431980724E-002  -8.1813546190580233E-002  -4.4815733522618674E-002 -0.49884945657553359      -0.12407561127327803       -7.7813418952075830E-002 -0.15190811743615570       0.43428916533953937       0.23121992815926043     
  0.34504770087711611       -3.0864620795763728E-002  -5.1120568396973771E-002 -0.27203451516062971      -0.29515243265512620       -3.5868767861057665E-002 -0.17610770607626908       0.35730536206702523       0.10847491635699197     
 pc            2
  0.42875650337186028       0.20371900511235452        3.7393613046405053E-002  0.18579118265625622        3.7703063896469158E-002   4.8147475490319884E-002  0.13276706919583639      -0.38565129705440759       0.30570767563965834     
  0.45006641293134497        8.0059695683882964E-002  0.15561487454227416        5.4165726268633099E-002  -6.5085703331871136E-002   7.7894641615945975E-002   4.3128753830329061E-002  0.38230588800495363      -0.28417957278493278     
 pc            3
   1.2586803693401498E-002 -0.31885240862383468      -0.18815056661723092       0.27005122150596744       0.29710781780275947      -0.29540640491075976        9.0838741367652784E-002 -0.22752814492763415      -0.26691864588212616     
  0.19010084658297144      -0.21310732888964529      -0.36676137075908294      -0.14210790402937426      -0.43935342105737007       0.15321871984299459       -8.7923456724326943E-002   8.8018796335353165E-003  0.14988356242148448     
 pc            4
 -0.16566219738210547      -0.18783509222636319       -8.1239640051785550E-002 -0.16766175801132915        2.4730367015427059E-002 -0.12379710613239442       -7.5287398413884557E-002  0.23125870010045024      -0.10588337460535846     
  0.24988483013312754       -3.2661635145853796E-002  -5.0682400124943308E-002  0.49194370105821028       -1.2657879924631913E-002  0.36763144266044884       0.31592568760639173       -9.8072451869450281E-002 -0.51326350063675474     
 pc            5
  0.51490939380178202      -0.21506058902074726      -0.22287805793745175      -0.26858536927602389       0.15049907289580014      -0.38036907456056473        5.0916154408731859E-003  -3.5612746654211581E-002  0.45961503146866045     
 -0.28108393785928376       -2.4939064224806490E-002  -5.7399445655939872E-002   8.9739603432798923E-002  0.11314484528400086       -3.6505942367975072E-004   5.0206591832627885E-002 -0.27750392316176564        6.0205550640749866E-002
 pc            6
   9.2632275923613297E-002  0.38463317146908993       0.20416950559930447       -4.4298303887516370E-002 -0.23038762072367253       0.31986594789739448       -1.1459852471452003E-003  -1.9624667238178583E-002  0.24692237074621506     
  -4.0172585586427667E-002 -0.26409312715396283      -0.45677789633066607        8.5728930004568354E-002 -0.33723502518321902       0.26110132963244542        5.3018514344797221E-002 -0.32392342940701985        7.8013138019045011E-002
 pc            7
 -0.12808181771763130        7.2887482085052996E-002  -6.9818382371300350E-003 -0.16076469488616105       0.50111403234215579       0.22939095506849880       0.54638967963377227       0.14505544418849609        9.9575302344307240E-002
   4.1321338457902243E-002  0.29027765052396592        4.4596117476645547E-002  0.24810373417176979      -0.20616716219978196      -0.10421712915772426      -0.30449057965523935      -0.15322712964119731        9.1061616019149534E-003
 pc            8
  -8.5610845309107439E-002  0.17766407296032674        4.4404370904928020E-002 -0.10788695430312013       0.37256399220862241        1.5632658326490714E-002  0.35989666962043193       0.14388822034183826        3.8956007676242389E-002
  -5.8650404307137763E-002 -0.46660162540071870       -5.2045186770897454E-003 -0.34841763829717221       0.25212059762430294        8.2685432318781796E-002  0.46048357783955451       0.17677386189096250       -2.0613613882749064E-002
 pc            9
 -0.40816304950482818       0.33206641005470272        9.3455788975942256E-002   5.9747370463358096E-002  0.10058191279364091      -0.46862127990524910      -0.15644152370628606      -0.13261281561426930       0.26470169818244410     
  0.28350648181965610       -8.3595563000750328E-002   1.6114339732467287E-002  0.21826127926572253       -2.1774612459132682E-002 -0.39212666513043093       0.14270211840661304      -0.15189891765039856       0.18985503886183103     
 pc           10
  0.40605009176687074       0.38392352787275991       0.17012074552953049       -2.1459375701699441E-002  -1.9339249093406913E-002 -0.33548618356768523        5.9010496170963059E-002  0.27805751777521509      -0.45414255154866534     
  -6.2771315493530431E-003 -0.18320408577395808       0.15137128445000103       -3.3221806565293242E-002 -0.14765365845277856      -0.19438551111355618      -0.20203857002158404      -0.17096689229256179      -0.26664419087155383     
 pc           11
   8.7868293212620283E-002 -0.38412309094712593       0.27840536613296130       -9.1278891909770427E-002   6.6204137986829129E-002  0.27524823760477313      -0.10911886628399624      -0.11654191845045735        4.6198425817278758E-003
   7.0909364496784380E-002 -0.33890601312444746       0.53013965627455428        6.2302875867892821E-002 -0.34469087975866869      -0.19011829104867770       0.20093099506475148      -0.20912035091772896        9.6725802400984773E-002
 pc           12
  -6.4387586647849118E-002  -6.6112071801928948E-002 -0.54119411181221766       0.20353336582655587      -0.13413983324417530       0.25415968629474639        3.3015291214219804E-002   9.6714589695317474E-002  0.16101559206033089     
  0.10594057162233364      -0.21025664455883861      -0.10565794854718928      -0.17749265252976387       -7.6872232384300110E-003 -0.47104041872984564       -3.6879653825094193E-002 -0.21909066767983357      -0.41086329561442769     
 pc           13
   7.3836054712074661E-002 -0.25191609197244191       0.45851285764229205      -0.14416158033042359       0.19030134862179349       0.12075235452836594      -0.13662527617307862      -0.11396866586345529       -3.3694423057219459E-002
   9.9922681745305414E-002 -0.20019999678549763      -0.45385452788407915       0.13157226020972848       0.36078156464356176      -0.30807811478695346      -0.26816959705637250       0.10963170838675086      -0.18470047827333999     
 pc           14
 -0.32135106216480558      -0.12028652349719961       0.24706465158531343       0.17523110636891312       -9.8936848157926777E-002 -0.24321921948851305       0.12019462192965975       -2.9256462149291208E-002  0.35501313136391222     
 -0.19495306687154537      -0.23048516690930781       0.22593417943935232      -0.18047897469591714       -2.1732899040227339E-002  0.29646898639309344      -0.45298463760640090       -4.7381335932139036E-002 -0.33118180612362735     
 pc           15
  0.10018112085126459       -2.2944445510087921E-002  0.25065043540603243       0.41482854622536891       0.39521989759022891        5.5885456430837858E-002 -0.38983455882533335       0.38686576583755861       0.19201786679559571     
   1.1773264159574292E-002  0.33322131220158230       -6.1883751891928851E-002 -0.27099036537747351       -7.8795447106578612E-002   3.8424206606370151E-002  0.16603285088107017      -0.14325599943460696      -0.11173743511801629     
 pc           16
   7.1122109892885241E-002 -0.17827127206070884       0.15795809172191203        2.2770890958999236E-002 -0.25390277145186280       -5.6256038411077118E-002  0.31905452897365572        6.1153053627102598E-002  -3.5221005718374880E-002
  0.54330149478608802       0.14073393196672698        6.7901425101774496E-003 -0.25995377191150326       0.33603049947534230       0.11974244808194087        1.2163337125608962E-002 -0.47008460580428368       0.17971505975661206     
 pc           17
 -0.11933727841801595       0.21330734076680438      -0.13642590561559947      -0.43890340951443269       0.27821378832469829        8.4870113461332955E-002 -0.33777250302398398      -0.43319733874395011      -0.13853932864028912     
   8.7037293960494769E-002  0.11254133839200789        8.2848730568773135E-002 -0.36144249498528191        3.4537813521847108E-002  0.16980728429207906      -0.10915000907072157      -0.28176624870937333      -0.21067087938989235     
 pc           18
   9.6687413936432778E-002  0.13587117830779424      -0.27472416334810568       0.18301241826108713       0.22740456518937630       0.17156215552735932      -0.27451602700650124       0.20315175761906543        1.5488385432941766E-002
  0.21560028464034947      -0.37078618174157951       0.19742605727351806       0.23841932074570329       0.30126061965545953       0.26667698267936601      -0.36033271195310096       -2.4977984003852940E-002  0.30509480087404550     
