 # Input file: data_vab/boc_1ao712.dat
 # frm0, frm1, nframe=        25000       62510       62510
 Reading: data_vab/cm_ca.dat              
 Reading: data_vab/cm_ha.dat              
 Reading: data_vab/cm_cb.dat              
 Reading: data_vab/cm_hb.dat              
 pc            1
  0.20572690629216617       -1.3434481966433905E-002  -4.2899392564877938E-002  0.51880779324342918       0.25077731534727393       -7.0323354446158004E-002  0.21435453196794885      -0.55034226846033807      -0.11300677342570811     
  -7.9023218153954189E-002  -8.3220492056570363E-003  -2.2621201384719427E-002  0.30015902402407713       0.10100196936042047       0.14772991963983001       0.17364844197010113      -0.23460560993097593      -0.20718166236354993     
 pc            2
   6.8551846565616970E-002  0.38813776411611112       0.19393559423520276       0.15003317878248279      -0.13825963758271664       0.33593057803777471        7.0324809832984031E-002 -0.17754947749069638       0.14423775548912426     
  0.41906687051665192       0.16346438984841297       0.30412075839067082       -3.7026903681536272E-002   6.4555355982507848E-002  -6.9608659728810904E-002   2.2757944354753158E-003  0.47805713828723678      -0.24806269805614217     
 pc            3
 -0.32912495424477339       0.13860256106218402       0.13338935557836396       -7.3017182679513043E-002 -0.17546522295924949       0.24700810870695597       -7.5313996065060410E-002  0.21717267472286308      -0.15632889123819765     
 -0.32342470508140631       0.18098875228070990       0.26286106228602285       0.33735720576401507       0.45567271803292053       -6.7050631665218310E-002  0.18074603411959284      -0.27604088628447304      -0.19748043123002651     
 pc            4
 -0.19988001273241612       0.20735439439044978       0.14348440833225529       0.33863940999709458       -2.8199092306905812E-002  0.27924439232001397        8.4718926029787867E-002 -0.20520533566295199      -0.24288356873090308     
 -0.31392028941035699       -8.2271282079398184E-003  -4.4679444333368901E-002 -0.37448990757874828       -6.5788394548713103E-003 -0.26534251688784927      -0.24269705703048203       -3.8042926926990933E-002  0.47231822009634261     
 pc            5
 -0.54031453870305868      -0.12973773041481682        2.6790990953380830E-002  0.17659387866636650        2.3286097199140911E-002   7.7996270612188168E-002  -2.3175620370077959E-002  0.10949391222088119      -0.55931892831468122     
  0.33988038579353413      -0.12430033921919828      -0.16170890984854475        6.3782422636946043E-002 -0.26650596800074716       0.22518520431583217        5.9956716007753298E-002  0.11649003187521771      -0.16507589949920234     
 pc            6
   6.7058129120494442E-002  0.40069067754041576       0.19654195693568202       -5.9171900495730921E-002 -0.25347772345262265       0.33921684938752766       -3.2993604496414676E-002   6.7336145899001571E-003  0.26025927377411762     
  -2.2609414627164693E-002 -0.24903091843003980      -0.41504839218379347       0.14204740087202081      -0.30258231800390323       0.30411833520414389        7.7713573498660107E-002 -0.31554957991295984       -2.6689970280243652E-003
 pc            7
  -3.3195518518794778E-002  0.23161174662050646        3.0267233862788873E-002 -0.24841437011873127       0.59237759869244311       0.13095400769708576       0.63508937186087910       0.25844796451502344       -2.1915844207782191E-002
  -6.2117296712010384E-003   2.1926451134795463E-002  -1.9445792957933661E-004   7.1775282137400837E-002  -9.9265773373539673E-002  -7.6444588075685910E-002 -0.12554416946186073       -5.4732272953680633E-002  -6.1874085554932776E-002
 pc            8
  0.21105526078547276      -0.10764423251223623       -5.0740943693386636E-002   3.0981028698801202E-002  -8.9760340135944930E-002  0.14666571466907635      -0.17953259423815360        1.3562984730007303E-002 -0.15055553896812168     
  -2.5394050883889668E-002  0.35219912355365240        6.5136638716460860E-002  0.27585170578304158      -0.39773262916923308      -0.18953490839721748      -0.60709272387703650      -0.19110539756045736      -0.22684730746693024     
 pc            9
  0.55184043985004461       0.11626271029821564       -1.5684516554230334E-002 -0.21333837750394471       -3.1137327065942480E-002  0.14480948868874180       -6.0676864406043793E-002   6.9635898812199629E-002 -0.58810695342010910     
 -0.27077834699094738       -9.1939461611942996E-002  0.13684751051090707      -0.10700477145655715       -9.0925745186551207E-002  0.21449535033822020       0.22135294143113066       0.21091882246678817       -1.2051258082228756E-002
 pc           10
  -7.3261482624297575E-002  0.17160915616185196      -0.35987273147728543        7.9857835765103760E-002  0.14535116892030803        7.2659345791817681E-002 -0.12365775591432555        6.7797571885456764E-002   6.6883286698213057E-002
 -0.13245201496579889       0.56455587344957925      -0.32218164344994038      -0.34401385860455080       0.15594465620615230       0.40110166706931910       -4.1906383186314865E-002   5.5147182196292478E-002 -0.17354501167942635     
 pc           11
  -6.4627230605418821E-004 -0.61336746322621793       0.16251749801867996        7.4440272215045108E-002  0.13647274752277702       0.53757153710385552        5.7003550256586481E-002   3.4560105354249651E-002  0.26388306690767638     
 -0.12357183351101249        9.2567485327322299E-002  0.22244195992450005       -6.1569331590542863E-002 -0.14408648776923763       0.28245716214987088       0.13009462758633053        4.5900834296592058E-002  0.11600082122394449     
 pc           12
  -9.4929423756367010E-002  0.16609412480622393       0.23427141149296921        4.1844762472160173E-002 -0.16994433609171597      -0.41981300711125330       0.19153862431356500        2.9109612672979200E-002   7.0968528836604563E-003
  -4.7681045031424014E-002  0.28289737178798585       0.34990306183414699       0.15560494531624627      -0.17287804879499075       0.51144853308752958      -0.12449563029743309        1.5443703889587193E-002  0.35763766807136077     
 pc           13
 -0.20640015402231032       0.24337740034313690      -0.49392281942565069       -5.9926676581816309E-002  0.14207638040282339        5.4160492903576468E-002 -0.20279825550092373      -0.14292064810309338        9.5679823949603851E-002
  -7.3506622089380491E-003  -4.9239200288650154E-003  0.44143057376068867       -5.5460555984493669E-002 -0.44326112565984643      -0.11167019367287115       0.32645872966707312      -0.19404599917433782        7.4789157336746667E-002
 pc           14
   9.5823253852736295E-002  -7.0323788586816274E-002   1.6785405961697294E-002 -0.35199732454676824        1.1870366223191120E-002  0.16582706211622680       -1.8708857060774697E-004 -0.26594157363731530      -0.20993047319593969     
  0.48892526822709159       0.37464152216900681      -0.15143994944967049        9.1003195292005332E-002  0.16312820027314248       -5.7176535015367388E-002  0.16964673238848957      -0.26641419857683779       0.42308035922996567     
 pc           15
  0.24409087823765835        1.6277044008998123E-002  0.25815497651951852       0.38257123636104901        7.1599648526627126E-003 -0.12845559026934056       -8.4292968488304618E-003  0.45466061545402181       -3.4504592724120924E-002
  0.25408912221405838       0.14708055666057945        9.8119224256445467E-002 -0.36332967843208058       -8.0691612734152193E-002 -0.13930308284165871       0.25178432823107744      -0.42112643851495957       -9.0171166356293589E-002
 pc           16
 -0.11836479028953928        6.8328626090548406E-002  0.53990490543293845      -0.27292583402769377       0.43167407850028838      -0.13224874459697250      -0.43241178516262552      -0.29926297205462943       -4.8357577829135608E-003
  -5.3063792535728543E-002  -2.5144660718449379E-002   8.4205718423178491E-002 -0.22507702414471800       -2.0179581928671954E-002   8.7515467718042070E-002  -9.1244411784854665E-002 -0.11042644467732932      -0.21250235106689394     
 pc           17
  -4.8086341455110496E-002 -0.10920599645313867      -0.16536407513572959      -0.21762383364416968      -0.32057039519688418        4.2696120597787879E-002  0.33098509056647024      -0.21594525631351255       -6.9180436095290912E-002
  0.12360101040405402      -0.21451434938360489       0.24943998427169337      -0.42552294016867559       0.14415106628405566       0.21528745955172124      -0.26472516547585867      -0.35674987261249896      -0.27647204367527622     
 pc           18
 -0.12659322702080972      -0.12858687918638279       0.19635016949068082      -0.18994349537584998      -0.28907144485356284      -0.16025846210572631       0.32003474331680137      -0.22752401987050733        4.5654833473579995E-003
 -0.26098152769881122       0.33757344627033803      -0.20512134080435088      -0.12686563842773582      -0.33660183183482906      -0.27578911262285122       0.35210831327917880       0.10393125651344050      -0.25489815906774860     
 Writing: data_vab/pca3/dir_triad.dat
 pc            1
 -0.20254347864749070       -5.4423755475993520E-002   1.0440236859465726E-002  0.21071402117904275       0.19961840621085128        1.3591171040559723E-002  0.49501927229546039       0.55074480705578643       -4.8239639398217913E-003
  0.10417551362037937       -4.7989180354527414E-002  -1.4477509019861940E-002  0.13535007019167916        3.0974018384388180E-002  -9.9350297485508166E-003  0.48506456933315717       0.23460662320198922        3.8259887250459497E-003
 pc            2
 -0.25827684943661844      -0.14062266760775730        2.1742949334213141E-002 -0.36451418902156302      -0.51790907527787189        1.2655947861768125E-002  0.23291251024152138      -0.32428871769106504        5.3563377800761654E-004
  -5.9636656843432216E-002  -7.0889291420834040E-003  -1.6973548239914177E-002   7.2608131552002358E-004  0.11610975071466673       -6.8117589959851002E-003  0.10620064317387588       0.56890661785723962        4.0867491634644206E-003
 pc            3
  0.10153737046126082      -0.35968057911925116       -2.4904097292606682E-004 -0.31006445722494563      -0.26918173176904187       -5.5075583847468915E-003  -1.7576765962436493E-002  0.44099992784676773       -6.0815408397222421E-003
 -0.19590473225860280       0.20891378831026614        2.6401284030166451E-003 -0.47409238826486105      -0.39115144665375662       -7.3318116367383892E-003   7.1122563572417544E-002 -0.17864521532653835        6.6386733659508342E-003
 pc            4
  0.44027773437393042      -0.64068488639999222        1.7530102071939838E-002  0.24692055928898446        1.2841246907301524E-002   3.3583443302421509E-002 -0.23108198890653256       0.10365776056491707       -9.3452415809348696E-002
  0.15005427957426737      -0.19279988916108626       -4.1694215153870423E-002   8.5374332206944126E-002  0.14934965310369394       -4.4972408524498880E-002 -0.15233584583920545       0.37265738194247316        7.1474266244724402E-002
 pc            5
 -0.27068665115440443      -0.53552657989679098       -2.9368799693106486E-002  0.15945090532512390      -0.20345472317844529       -3.6654895809425256E-002  0.19856545596564182      -0.28170157355826619        2.1970720363214392E-002
  0.16430180629140417       -9.5685570426541550E-002   1.5235523833099724E-002  0.22906570328972842       -1.0660498179691245E-002   3.7077241294124201E-002  0.13669379701966078      -0.58478647205313183       -2.5415678285689476E-002
 pc            6
 -0.38311013288715201       -6.3966373943049451E-002   3.8717172616715605E-003  -9.4463394063207834E-002  -7.4465382467968785E-002  -1.3488556502351586E-002 -0.22898466932742803       0.37790109847803943        3.9516277447742623E-002
 -0.49498025311586497      -0.37726347283260592       -7.5440836928686895E-003  0.13819498625877688       0.40381677562839891        2.8388724114447671E-002 -0.23469123860195554      -0.10376120103652789       -3.8165402400705380E-002
 pc            7
  0.33547542466299896       0.29802970885921409       -1.4839785871851177E-003 -0.11915118478696757      -0.58102424110430728       -3.4913540601138306E-002   4.7651372061399862E-002  0.34362295614779859        1.9769909136598780E-002
  0.40196455558922961       -4.2575812667369470E-002   2.3481717730003127E-005  0.28344670891503221       0.19907000004818598        3.7733355255186951E-002  -6.3124826277078216E-002 -0.18915146395210256       -1.8521076728086842E-002
 pc            8
 -0.18716549210530223      -0.16263072715852969       -6.1869059463402147E-002   4.2697964208363401E-002   5.4759315295326141E-002  -8.9620304480788809E-002 -0.10924323067090269       0.11965090808790474       0.12917154829196031     
   6.7742149656286083E-002  0.82497803472728615        9.7934714926778368E-002  0.15493917767233345       0.32647271862761262        8.3089881682696071E-002 -0.17595359102007616        5.7318214615134602E-002 -0.11133199270645432     
 pc            9
 -0.55113259192898079        2.3441584269996232E-002   1.2569736562245961E-002   4.7991506527929703E-002  -2.9967578530710831E-002   6.9554339788377800E-002 -0.26201531324289562       0.16855556824543202       -8.3429628332473915E-002
  0.55253327878746972      -0.11380378079066165       -1.4063254931255093E-002  -7.2270418573981837E-002 -0.35445200813926109       -6.3225086531426486E-002 -0.32406447180676501       0.14830512835339021        5.6319291720675804E-002
 pc           10
   4.4182974865521231E-002 -0.15079230324077275       -2.1939901523422511E-002 -0.65654114850195522       0.44314457838326915       -4.1489418805336707E-002  0.12905240921988642       -2.0714149876631741E-003   9.1981995890339716E-002
  0.37854220991636678      -0.16442894048644782        4.0985572241907228E-002 -0.16599924277497910       0.31886713043002857        3.6542013914253879E-002  -4.1103345721088161E-002 -0.10416907888447485       -7.3790382957801673E-002
 pc           11
   6.9162607553277730E-002  -3.7826117573895597E-002  -8.4050062869035838E-002   4.6414385735953859E-003   1.8342693168712031E-002 -0.29438600731595471       -2.4360757349903065E-002   1.2302502531059412E-002  0.58125287698541550     
  -2.7246757592280721E-002 -0.16336604975006991       0.13650067938654717       0.17564537172057709      -0.33278523162650986       0.27561909035554166       -5.6111824466444811E-002  0.15231233442009834      -0.52069801252704284     
 pc           12
  -7.4957542433961036E-002   7.8490042522742914E-002  -6.7948021716565291E-002  0.38467760660788342      -0.18224641481137499      -0.11568638452372133       -8.7995421653130998E-002  -5.1278966034931185E-002  0.15530737710677345     
  0.17192544100204921      -0.10565019523359198        9.4984826867256636E-002 -0.68908999584657027       0.39998179283561602        9.0468601450429606E-002  0.17147457888045955       -1.3096628790147608E-002 -0.17945519235573498     
 pc           13
  -6.0642212484544537E-002   4.8864309059451468E-003   7.4051211845827566E-002 -0.17624705344147193        8.5620753022953751E-003  -3.2580048278253532E-002 -0.66147227166882572       -2.1832907819303173E-002   9.7649352374942452E-004
   8.3700394321117547E-002   2.6022017948850042E-002 -0.12949518606097449       0.17075736094947669        4.4354234854805047E-003   6.4804529421450346E-002  0.68026081748456502        2.7144311041564784E-003  -1.6266071523688677E-003
 pc           14
   2.1946412832418331E-002  -1.2692592034097009E-002   5.4625735225913699E-002  -1.6697564002901655E-003  -2.7816000703921991E-002  0.66457541789427144       -5.3436508626515881E-002  -2.3243705114489783E-003  0.35131603895057423     
   3.0545221018539121E-003   1.2529747468570874E-002  0.23828550392610079        2.7879174936222741E-002   2.7966462463484297E-002 -0.55127531648866746        6.4688227088556843E-002  -3.1290136601725374E-002 -0.24510949446479832     
 pc           15
   3.3034993955942979E-003   1.0769275499719904E-002 -0.45577873368904820       -4.7722343761907586E-002  -6.3534602733594549E-003 -0.30865254877164239       -7.9989092522780775E-002   6.0919814621796450E-003 -0.21965684816945519     
  -2.1822849440469302E-002  -5.8820575066133141E-002  0.72670888020767010        7.0602044152847557E-002  -3.9435463007761892E-002 -0.27736149980144770        9.7875336245383249E-002   3.2700101715923996E-002  0.11709054427356794     
 pc           16
  -9.2294826773115200E-003  -1.2655952506480488E-003  -1.3079986236717052E-002   1.8841643050034284E-002  -6.9266942807828854E-003 -0.13441102598596627       -8.6646120349463170E-003   2.1281956489119852E-003  0.64866386073181981     
   1.1108810831200877E-002  -9.9878956295575277E-003  -2.1304333687411716E-002  -1.6584341934522531E-002   5.5164083659068738E-003  -8.9471628570302136E-002  -7.6851372886943309E-004   1.9409362775677536E-003  0.74258761754520553     
 pc           17
   1.1670823837833962E-002  -4.0771507028930108E-004 -0.46693038597562792       -1.0831438428538094E-002  -2.4685235379304509E-003  0.56670237444017890       -2.0172909103541033E-002   3.5170343547644509E-003   7.6599210681227575E-003
  -5.0138127033548018E-003  -2.3211419153889815E-002  0.15481288209189994        6.2138108715211480E-003  -1.9488345313491945E-002  0.63676690975124772        2.5926505199511927E-002   2.0849536581375686E-002  0.16899209223224843     
 pc           18
   1.6649715728827993E-003  -9.1186125431243908E-003  0.74005796876482666        9.3702766658004932E-003   2.3343025105076773E-003   6.2520107559704857E-002  -2.8992718117691516E-003  -8.8374130688935730E-004  -4.6826437147637484E-002
   1.7619534065511627E-003  -1.3189711247712512E-002  0.57642766230581555       -1.2726707633966435E-003  -6.9520790003431213E-003  0.31508140551941277        2.9222015424226633E-003  -1.3082866320866958E-003  0.11933963231702741     
 Writing: data_vab/pca3/dir_cm.dat
 Writing: data_vab/pca3/boc_avg.dat
