 pc            1
 -0.10553607745098163       -2.7645434968868100E-002   6.4218761555130122E-003 -0.50592679153941245      -0.26038741486374656       -1.3894552924072365E-002 -0.24775471253011663       0.48123564454323936       0.20390553741418277     
   5.4876788457214519E-002  -1.5310159042469700E-002  -1.6434013272111407E-002 -0.35905951322136503      -0.10696481319634862      -0.15160368172510019      -0.18120638584787094       0.22840922185886378       0.27871326383455980     
 pc            2
  0.25166521501325023      -0.10955451062938876      -0.11528121589149415       0.15719142083347443       0.21658127208342792      -0.19422011241553036       0.12040841974391814      -0.25200121499424033        2.9164170201601732E-002
  0.43168752523575171      -0.17902464809019142      -0.22786973221399021      -0.30594324880915702      -0.44054606281257225       0.10089836767611012      -0.11634763246941518       0.36376567811391913        9.5540014586842206E-002
 pc            3
  0.12336360096060098       0.23888078640790888       0.11020566742164933      -0.10985645979718271      -0.16161240243988739       0.14932242483470964       -2.5252719522679025E-002   1.2245418682644060E-002  0.27171760260576100     
  0.47692052788969408       0.13561824811914155       0.30505557287702861       0.20717040495385472       0.10219004378382129        5.9437629181164228E-002  0.15094951054022715       0.38340549387886141      -0.46355653099250349     
 pc            4
  -2.9309775133347035E-002  0.39764277708395440       0.23530408760923732       0.31135950971941057      -0.10083605878246177       0.38551603801059242       0.13257884903089884      -0.27636147898962249        6.8189639946170987E-003
 -0.10402911895023076       0.11074884385516519       0.16915503026510173      -0.34334049604356226       0.12548248461119427      -0.28952519733267640      -0.18443137247857158       0.19818945919610434       0.30572927058871918     
 pc            5
  0.62375148609962650        4.2718605049140948E-002 -0.10707867150163776      -0.16557100332513702        7.8537372965196792E-002 -0.24346815087856311        5.0907567023313317E-002 -0.18227491895872316       0.55562118687737860     
 -0.26031869394630686        7.2599649806191699E-002   7.9554404892758696E-002  -4.5100362733549639E-003  0.17802725664765082      -0.12172190240696026       -2.9176824051417027E-002 -0.14431862245011148       0.11260223491449910     
 pc            6
  -6.1663994560870759E-002 -0.38728630451070883      -0.20810665829874089        4.9363230857476716E-002  0.24319559307636168      -0.31085212968932152        1.2912883312522347E-002   1.8416988178749132E-002 -0.27118212183781010     
   3.0650276270463839E-002  0.25531967679359902       0.43491977659458797      -0.11539683543889515       0.34512675978594720      -0.29331421989133200       -5.3511332050972867E-002  0.30659658998968070       -5.7518717677878702E-003
 pc            7
   4.0906821413699536E-002 -0.15834776405186060       -8.0218062452155903E-003  0.28888982865311974      -0.53685103954068025      -0.21049337403413881      -0.58072380747278740      -0.28699600182293677       -5.1247172104021150E-003
  -1.7147890057233453E-002  -5.8360014517900273E-002   1.7487673844809259E-002 -0.13258590253095337       0.13339820586441176       0.18494417764953625       0.23207388823418304        5.0348716533707503E-002   8.7199958938064578E-002
 pc            8
  -1.5701285016744698E-002   7.9911697024013642E-002   4.6799187039395736E-002 -0.10496688504984820       0.19826030307921358        3.2002201208103515E-002  0.22634974638573124       0.12024714434992438       -1.6192233254486378E-003
 -0.16837944390159257      -0.33252080937835521       -4.3709872716410018E-002 -0.35352457254546399       0.36825666334346163       0.33766240836494987       0.55073076879224470       0.23154176125704851        4.2132461613043869E-002
 pc            9
  0.31117597013827342       0.31091186902160856       -3.0231799105626064E-002  -5.1871862513005913E-002  -6.1108274863071244E-002 -0.13039853601777959      -0.17157213966377557        7.5708014130297943E-002 -0.40530090565377874     
 -0.12443909076166516      -0.33190059048562354      -0.32199529273948579        6.0214842706129762E-003  0.17269498215372864      -0.38802957286561374      -0.13655411812610702       0.15525138877738962      -0.36086327626464187     
 pc           10
 -0.23162404138388459      -0.35909801058094221       0.11039390058293415       0.13241241998175432       -5.5127010618568955E-004  0.11358266890872423        4.1403292273034221E-002  -6.7114750659435132E-002  0.37113988724536412     
   9.3111465968942750E-002 -0.57841828008763629       0.12024757530608804      -0.13723281609847290        7.2511275733229977E-002 -0.36300796664356938       -6.8240160146065626E-002 -0.19620162213936038      -0.27221324948266262     
 pc           11
  0.44512632186489459      -0.40378911554800317        1.0822179455696797E-003  -5.3718351144851489E-003  -7.3918790136731791E-002  0.52687958436812055       -4.1809140688906482E-002  0.10382055135042660      -0.19133094139312917     
 -0.32630907099155460       -4.8627581637066257E-002  0.24190069502262390       -5.3883157176661076E-002 -0.25921773641526491       0.15375451197244097       -5.1031597152162898E-002  0.13694234557564050      -0.15534879654373596     
 pc           12
 -0.12352520803548708      -0.29403978241653284      -0.14474041390143894        4.7702680162513188E-002   1.2923104931788934E-002  0.28719273083087071       -6.9352890659791187E-003  -8.4154236758116813E-002  0.24496895727405160     
  -7.8333008439285978E-002  0.24646623883929542      -0.60542855316104072        9.8267212524154754E-002  0.36845942380249969        6.0848324845919857E-002 -0.20425060640802614       0.30529354097110523       -8.8324028296266177E-002
 pc           13
   6.3762141430763253E-002   1.3120202413205228E-002 -0.48609852478015647      -0.13303489736062710        8.7982911792014770E-002  0.39176440479592872      -0.16673652466857808      -0.11645976730001154       -6.9037092070933129E-002
  0.25733170310988246        7.1993721588704193E-002  -9.4905960119149785E-002  -2.3846908263683145E-002  -4.8940710840513595E-002 -0.38763181539722108       0.49085400185813238      -0.18588041855897530       0.15906120150537520     
 pc           14
 -0.32530367207975924       0.27998894167512173      -0.63463651264894294       -3.9787882018393943E-002  -3.3970005471054950E-002  -2.8074060353518341E-002  -1.9055062034337343E-002 -0.17968535850280659       0.14413326649732214     
 -0.35487173636269909       -8.3374730724521423E-002  0.18920777568803698      -0.10436858603587004      -0.20950969033615788       0.14441596233941625      -0.14117013087607164       0.14302367505911140      -0.26712911017848784     
 pc           15
  0.12963219610693269        6.5691005681775813E-002 -0.13578843691594508       0.22054228721919789       -2.5001930490211821E-002   2.4214563723379254E-002   2.1327822589734841E-002  0.26819862185780269       -1.0378387835877150E-002
  0.20182026021691049       0.29744330588970569       -5.6895736895735106E-002 -0.57341221717576163       0.14374166604765662       0.16716630590917206      -0.13240367098326386      -0.43494636592116820      -0.34862631723421750     
 pc           16
   5.2230403934513295E-002 -0.10037864968517626      -0.17404186175691178      -0.38725227922975969      -0.44968902050297999        4.2714206908504616E-002  0.42867669483335863      -0.31081742675736840      -0.25874304099911560     
  0.22925641814927433      -0.15775246113340174        5.6422865496957277E-002  -3.8558812809169731E-003  0.25626270392186468       0.15592909932887511      -0.22740462455216373      -0.15039959575285700       0.10304000133638543     
 pc           17
  -8.4397465383456674E-002   2.7704521513903690E-002  0.25948994164184253      -0.43641393688540703       0.43285652978742561       0.11819480856039503      -0.44927461272024194      -0.43197794636568626       -9.7287428596235737E-002
   4.1516927476376878E-002   2.2862421952721212E-002   5.5104597072535344E-002 -0.17597194148846906        8.2827416241732815E-002  0.17543920643493646      -0.17867983817832672      -0.12660221897727345      -0.11498794996652653     
 pc           18
  0.11933653368647874       0.14116299819503886      -0.27010340608181371       0.23477656104315806       0.21841589931460420       0.17115307121039852      -0.25979632799229813       0.26249428877108921        2.6823577027579946E-002
  0.22599244883773445      -0.34463296967195883       0.17597858500143279       0.24104838349709351       0.29420240008735971       0.25801549973955218      -0.32601587624718514       -2.9322083006657094E-002  0.32318679820694729     
