 pc            1
  0.20803433464596754       -4.7678064726192531E-003  -3.9915198178408176E-002 -0.38947573584118161       -9.6848208406663416E-002  -8.6744079635560079E-002  -9.5199478456573214E-002  0.22377157789370508       0.37312742305507457     
  0.44675485163236245       -9.4669135284623056E-003  -5.4010250523442733E-003 -0.26084569940278279      -0.29691341593020959       -1.8447564626084063E-002 -0.16153397070344122       0.45214985089962906        3.7010767453887573E-002
 pc            2
 -0.37911511014536775        2.0062842070604194E-002   8.1471646669743089E-002 -0.43403254311541650      -0.25663905526998948       0.13902145120608622      -0.20574140580539246       0.56341831783215346       -4.0456897219040153E-002
 -0.30689958570285697        4.6656689064291573E-002   7.1861863463071246E-002  -5.9477155885005357E-002  0.18426643609497428      -0.15520540863918664       -4.4562817116565442E-002 -0.15274971469864312       0.16069617823779478     
 pc            3
  0.18176013743552810       0.38691657203797414       0.18763493357570371        1.1557675229580519E-003 -0.19163500649679927       0.29657493432624993        3.1760867344760177E-002 -0.10793638687553470       0.29527634539270792     
   2.9634750744245510E-002  0.24590245176466224       0.42299325377957314       0.16974224596763088       0.39377234072815004      -0.10585112183047256       0.10680948234285081       0.16520963779918743      -0.28892429369096539     
 pc            4
 -0.14209175282155734       0.27985962078615739       0.18743160579049564       0.30900581761543666       -8.6717191166602842E-002  0.31648987265220357        7.7091504232711605E-002 -0.19436809287516871      -0.16776262957251686     
  -4.5782336607399922E-002   8.2217173099640856E-003   1.2635990534725791E-002 -0.45517460366647622      -0.11342579688627548      -0.27475382260939646      -0.29473964233635991       0.20273755573769492       0.40679847999435542     
 pc            5
  0.48833856180819674       -3.7805341011034825E-002 -0.11245693862607699      -0.12099139560929699        8.3759118438763991E-002 -0.20716119052686258        4.3622206068685325E-002 -0.14876355618220619       0.42273358658398336     
 -0.45160160882762906       -9.3371119112849697E-003  -1.2890188996498440E-002 -0.16279820359814254       0.14919742379881104      -0.20386716687448006      -0.10520985088483982      -0.25043710705181121       0.33441297931735964     
 pc            6
   9.1410052216335816E-002  0.38501281453904124       0.20737506377450690       -4.7750367483148926E-002 -0.23714702517062589       0.32751079837460662       -3.7138651236133724E-003  -1.3473888538015609E-002  0.25647170032008015     
  -1.7019094805496536E-002 -0.25487708004203624      -0.43489380155707164       0.14352143751517937      -0.31046898036571813       0.28671662785503899        9.5218615341250104E-002 -0.32508925714136233        1.7880009547028800E-002
 pc            7
   3.0485032782538623E-002  -3.0380582716918781E-002  0.15596891950331032       0.12580336036224107      -0.21276492305872569      -0.19621777049840514      -0.36082120803464335       -8.0959454289147040E-002  -1.7732388192766856E-002
  -3.8731619276732250E-002 -0.50828697754728480        1.9000409567310424E-002 -0.35481442784664419       0.27112075321111778        8.5600313432712932E-002  0.48686916274176606       0.18213199692789736       -2.4792411031315815E-003
 pc            8
   3.5978053224559256E-003 -0.10754730730894901       -4.3851204459504210E-002  0.19030772265279236      -0.54163096050593462      -0.22370990141930291      -0.56077739129683868      -0.24120711743001005        4.6423859810586854E-003
   4.7248896570779929E-002  0.31448079243275512       -2.3928936186830774E-002  0.22545028269695566      -0.10617254523676969       -3.6007174961813081E-003 -0.23824807597864389       -7.6698489421193172E-002   8.7950669916724802E-002
 pc            9
  -3.3274265756920780E-002  0.61197852937285757      -0.31118539497083442      -0.16498876441110316       -6.6813211369081207E-002 -0.40050474504339778       0.11924701924132493       -3.0359010094430632E-002 -0.24078951803604076     
  -8.0046585992703586E-003  0.15558459920873299      -0.35427966499384700        2.1718266386088952E-002  0.25157163063665000        6.9652165342243486E-002   3.3677309312001878E-002  0.19338614938329640        7.3483410980044808E-002
 pc           10
  0.19996588485188127      -0.22256311834091747      -0.27282118801952870       0.16123999278798087      -0.29219772515723180       0.24967472779727196       0.15290228958323845       0.16562455781628108       -5.5065552261007303E-002
 -0.29102313308592997       0.13099722772833453      -0.13320503125563152      -0.31676519455161661       0.14319189984395858       0.47789015394618378      -0.20874820324635363       0.16768526787567528      -0.26071858461264952     
 pc           11
 -0.31321763515959478      -0.11698000002102604      -0.65827220170587075       -5.0537603559784004E-002 -0.19451928439103661       0.29113265285471684        9.1261972790880191E-002 -0.25929500638805486       0.24231700935820755     
  0.18967005746819995       -7.8290985561503129E-002  -6.5231526652314339E-002  -7.6644058364041937E-002   6.1303673187652265E-002 -0.26231357924605292       0.23799988735857086      -0.11758442363411828        1.3697699461475176E-002
 pc           12
  0.32530946894886614       0.22278507368098180      -0.19704680836731070       0.16658982654709328        2.0126196011000234E-002   2.8731416881905372E-003 -0.21378921205799317       0.27986992096690272      -0.23862377487673253     
   6.7682792530859140E-002  -9.1465426746090900E-002  -1.3422511470618804E-002 -0.20939801019715917      -0.15934223002030648      -0.45094519153968610       -6.1506335698572563E-002 -0.29956291725815248      -0.46619337501659314     
 pc           13
 -0.39308845705212259       0.15148363034286547        3.9182391027142993E-002  0.24027135657106485      -0.15610091814311827      -0.44438900380407875       0.28888744267054367        7.9571358904938827E-002  0.35757641354293057     
   2.9847397575960988E-002 -0.20137367920853200       0.24292583632215514      -0.15556765081354293       -2.3245748119766277E-002  0.10671207209690386      -0.30240126458970124      -0.22123858389313497      -0.21631854020757205     
 pc           14
 -0.19242165293502075      -0.11145309515025024       0.22027569442533446       0.19943023978425228       0.30239153036747990        3.5516566919437172E-002 -0.20311741254715204        7.2305408608893965E-002  0.33330929775827012     
  0.13871373486743577       0.22752244600275220      -0.57096483961894118      -0.12131983817088647       0.37665003591423074      -0.13810580612346238      -0.10311107383837639        6.1787022560377877E-003 -0.16923521323504148     
 pc           15
   7.3215513968140855E-002 -0.18563996023932089       0.16251671518605962      -0.30712978210620751      -0.22295166303413777        3.0498914650444863E-002  0.17305454712787494      -0.26390061750482452      -0.19565798164251849     
   5.1990032017792433E-002 -0.44634884922286977      -0.18941106398329741       0.19831098830045404       0.26877619978664952      -0.23903899242456778      -0.44413717885406817        7.6871540893319656E-002 -0.20308720121311041     
 pc           16
  0.22045625349362347      -0.17498920888350517       0.10144715048026401       0.33843237856441549      -0.36092393139537038       -9.3196730244924642E-002  0.41260107039823923       0.40801336954187245       -1.6356000916224928E-002
  0.25290861187179359        3.7005876680247698E-002 -0.13636084825401948       0.19510467203424706       0.12832137281289702      -0.22385863072732842       0.21270739095226379       -1.0629311831537010E-002  0.29340626908824741     
 pc           17
 -0.10592830106151226        5.0267828745360385E-002 -0.16652676893547874       0.26055651335311292        6.3844514045498860E-002   3.3872527706185415E-003  -8.0860126780867195E-002  0.16537739926908901       0.21103989121969269     
 -0.45539435022427072      -0.23791479776818877       -9.0900209727045295E-002  0.39862763407095980      -0.22602083715570376      -0.22624391471794542       -1.8388513543867377E-002  0.51688356747460651       -8.4765630144255769E-002
 pc           18
 -0.10120292433858492      -0.13800894236227440       0.28569732312581969      -0.19414549741691370      -0.22512562142330955      -0.17441633005331325       0.26833507036342064      -0.21695016273211254       -1.6592535760514157E-002
 -0.27529240119615767       0.33092951430243334      -0.17335191902770675      -0.20700795642778952      -0.33376332843702011      -0.25194940324240145       0.33112839163152674        7.1545007571635844E-002 -0.32109574252969458     
