 # Input file: data_vab/boc_1ao7_nl.dat
 # frm0, frm1, nframe=        25000       58510       58510
 pc            1
   4.6341997239822685E-002  0.20379002097528492        9.6414037407087108E-002  0.50946726659007735       0.14299190638693146       0.18360930221868393       0.23210125130851536      -0.47170402442091364      -0.14119884001581656     
  -1.6094652050092490E-002  0.10092967209679694       0.16399887454768303       0.31361612035216641       0.24405930031041301        6.0816781430495036E-002  0.17978259049810130       -9.5022068550011593E-002 -0.31094452649404331     
 pc            2
   5.0512383388630649E-002  0.32652552417723679       0.15920442691289688        7.1943462473559094E-002 -0.13451627355619522       0.27321291870589637        4.1725841754094446E-002 -0.10064991945227558       0.15961089485889360     
  0.45254910143554689       0.10817724823091578       0.17254761280811143      -0.29820559707300409      -0.13394837292684678      -0.12033101626835788      -0.17403264761256027       0.57644934861383823       -3.9314165943966847E-003
 pc            3
  0.36513870229620726      -0.24487139009575137      -0.20386754199109511       0.13918308329468576       0.29831563323159066      -0.36950904790021005       0.13145071595871771      -0.28733276131090757        6.7339174666255469E-002
  0.32428979558251714      -0.16629261927888703      -0.27142546856459476       -1.8180522204204470E-002 -0.37926866014530880       0.22272385090045227       -8.5087943637332207E-003  0.11600072921841369       -4.5564003703561604E-002
 pc            4
  0.12715051880382217       -5.2530457844938060E-002  -5.4211127170102631E-002 -0.35125332131452630      -0.10062034825863132      -0.11273345976700166      -0.12369743675958147       0.24165684151255451       0.26020142882213665     
  0.30160038646040505       0.11742956892619814       0.18845770806664164       0.39375702786953071       0.15319199085913693       0.17152074410125012       0.22555864255350561       0.11084426923882904      -0.52835091761510256     
 pc            5
  0.57234181290606634       0.15398811757526212       -3.9030439150283786E-002 -0.11434184151591036        1.0700462338461898E-002 -0.11188321628860085        6.4598193493078618E-002 -0.18512192298807095       0.55430277550261475     
 -0.31508367781970192        8.6561167473532014E-002  0.14539998710714550       -9.3156753984793658E-002  0.23052264382003107      -0.20068634965148319       -5.0315131255170453E-002 -0.11019166644037515       0.17637655801166555     
 pc            6
   5.8783671921026688E-002  0.40254267413254352       0.19817665879085122       -5.7139813177352762E-002 -0.23896937758287962       0.33319282712257864       -1.2331056208121449E-002   4.3878328318169109E-003  0.27028629590197617     
  -1.9564594780876838E-003 -0.25692734422369568      -0.42021134874114546       0.15828848020519054      -0.31643857802781616       0.29635120399370024        8.8513208094722337E-002 -0.29520014309429882       -5.6289475428392098E-003
 pc            7
  0.22818472517825900       -9.8139257889179696E-002   4.3852307869239437E-002  0.23053084326442472      -0.57602431105351470      -0.17531779316252497      -0.55945807869347453      -0.21743826711013073      -0.19110799834267309     
  -8.0279016586535967E-002  -6.2412585558156319E-002   3.0085917095015687E-002  -9.9219717237647803E-002   8.4940487294902667E-002  0.19777109658833339       0.18723643415681568       0.13122857017588080        6.4815887794831398E-002
 pc            8
  0.16977409112349162       -5.2435831500182273E-002   3.6373323287280955E-002   6.4665460468599334E-002 -0.20490065843909400       -2.5432057821226952E-002 -0.15671170045361071       -3.3890356893789976E-002 -0.13507067707419820     
  0.10163189960001827       0.29067174179792044        7.8057609448410753E-002  0.36594841610931578      -0.35549296514679829      -0.32312921685880663      -0.56653298119584228      -0.28631347088785791       -8.8245288780518821E-002
 pc            9
 -0.44201530999811456       -5.7130747540509549E-002 -0.38827012745930006       0.14549962233612077        2.3025451937154828E-002   4.9793583206233977E-002 -0.34938599420584970      -0.26750992903575732       0.43793500990230466     
  0.18427995814075424       0.24458530950091908      -0.26234424176295401       -9.4652091021720244E-002   9.8540019848430929E-002 -0.17258061353752649        4.7916538499667004E-002 -0.16069731620075775       -4.2749376585156311E-002
 pc           10
  -3.7152426929256213E-004  -2.8692637736950209E-002 -0.20185397052158988       -1.7372552073319461E-002   9.8711766262280204E-002  0.19739022513024815       -1.7720569776837173E-002   1.3486896705104598E-002   3.1623305268692517E-002
 -0.32233000684809598       0.57990059854585518       0.11190559258301383       -1.9544043711896548E-003 -0.22585412974177133       0.60066373865756106       -9.9971734713328167E-002  0.15169825688016420       0.10200567995453103     
 pc           11
  -2.1300543457967787E-002 -0.54967147626972457        2.5705383541159612E-002 -0.13615929455463183       -5.6371084399289582E-002  0.46852718084200601        2.8759850686307310E-002 -0.25103410372204116       0.15471085734996939     
   6.1386380841983071E-002 -0.21728555381897116       0.36836073750377607       0.16563523084333776      -0.21184282402282609       -7.1199041059923765E-002  0.20937351072688518       -3.2063843448827317E-002  0.24251456027910642     
 pc           12
 -0.26153555940616019       0.19098458279439556       0.26721186637749217       0.17506738659732943       -7.2286502065964835E-003 -0.47561291854776466        5.3231846760174034E-002   8.0233284420327552E-002  0.19603700089414311     
  0.20117184496017551       0.14598299674786719       0.32493120069147241       0.18243780313176478      -0.18791848931249611        8.6967920210706234E-002  0.24168213331322658      -0.13902758440170826       0.44480464002698339     
 pc           13
   6.2813483184625429E-002  0.43629438738717541      -0.51357219353989758      -0.11916360580596000       0.12236078961409945        1.5352620861132192E-002 -0.18117676390945320       -1.4909774629045932E-002 -0.23106633635929083     
 -0.10522781963569336      -0.13088100627137722       0.29210443403781911       -3.3975039006103325E-002 -0.38461409377849709      -0.22771844612968506       0.32549035247101471       -3.7089066825598871E-002  -6.5674777648904753E-002
 pc           14
  0.13282723757438300       0.10854529617889667      -0.13455764566621495      -0.39250008473703041      -0.11438089612758014        6.2042787850764794E-002  0.15954589950895062      -0.22306695023882983      -0.33592030875116441     
  0.29108442736812845       0.30994658545763004      -0.30777197820960955       0.21725471775466115       0.23541748542570790       -6.6077664776851439E-002  0.18905588098104947        1.8110152662824983E-002  0.41814623204805035     
 pc           15
 -0.33344135719078755       0.12977444391372936      -0.29916068361591613      -0.18080646243272339      -0.31653405706295956      -0.22510532733205749       0.25497728558094795      -0.31387280888027380        7.5300069616913226E-002
 -0.16148720571397129      -0.33393830475864972       0.12034318304607088       0.24082370066466482        7.6888512198589998E-002  0.16029374308410019      -0.37598681690591518       0.21553486236721348        1.4924905464881283E-002
 pc           16
   6.1443937477512901E-002  -7.8358639859885545E-002 -0.27257905377538516        8.5388770622291985E-002 -0.41310644672468566        1.5216370912165369E-002  0.43182973084361004       0.11566457248578646       -4.3694168400509499E-002
  0.25282240205264522        8.4351833097790929E-002  0.19047439436706470      -0.43417924514803896        2.9598251888559125E-002  0.14916693325353284        2.7121504605937419E-002 -0.44948893632361059      -0.11879351024730674     
 pc           17
  -9.2628579925756696E-002   9.9212921732603751E-002  0.30752674252590778      -0.44577411794771377       0.25531964917020661       -7.6275581068239770E-002 -0.25169382209413227      -0.42114140150959317      -0.13384400642225480     
  0.13323110170252089       -2.3445834367724908E-002  0.21164291830338552      -0.30647903420498213        4.8301498408938763E-002  0.23245787629895623      -0.17069751897019600      -0.31467347899606096      -0.13080603108264710     
 pc           18
  0.15660720738843814       0.11547681447533177      -0.27022412907269366       0.20307229232804636       0.23180747918050712       0.19875495712993593      -0.26601759281005899       0.25150504498441656       -1.9865355248025029E-002
  0.31163008339182252      -0.27887430529646384       0.17664975995117330       0.14620053931928284       0.33902049903258014       0.26411049436253381      -0.30429457977516139      -0.12665449526558237       0.31533649509458217     
