 # Input file: data_vab/boc_1ao712.dat
 # frm0, frm1, nframe=        25000       62510       62510
 pc            1
  0.20572690629216617       -1.3434481966433905E-002  -4.2899392564877938E-002  0.51880779324342918       0.25077731534727393       -7.0323354446158004E-002  0.21435453196794885      -0.55034226846033807      -0.11300677342570811     
  -7.9023218153954189E-002  -8.3220492056570363E-003  -2.2621201384719427E-002  0.30015902402407713       0.10100196936042047       0.14772991963983001       0.17364844197010113      -0.23460560993097593      -0.20718166236354993     
 pc            2
   6.8551846565616970E-002  0.38813776411611112       0.19393559423520276       0.15003317878248279      -0.13825963758271664       0.33593057803777471        7.0324809832984031E-002 -0.17754947749069638       0.14423775548912426     
  0.41906687051665192       0.16346438984841297       0.30412075839067082       -3.7026903681536272E-002   6.4555355982507848E-002  -6.9608659728810904E-002   2.2757944354753158E-003  0.47805713828723678      -0.24806269805614217     
 pc            3
 -0.32912495424477339       0.13860256106218402       0.13338935557836396       -7.3017182679513043E-002 -0.17546522295924949       0.24700810870695597       -7.5313996065060410E-002  0.21717267472286308      -0.15632889123819765     
 -0.32342470508140631       0.18098875228070990       0.26286106228602285       0.33735720576401507       0.45567271803292053       -6.7050631665218310E-002  0.18074603411959284      -0.27604088628447304      -0.19748043123002651     
 pc            4
 -0.19988001273241612       0.20735439439044978       0.14348440833225529       0.33863940999709458       -2.8199092306905812E-002  0.27924439232001397        8.4718926029787867E-002 -0.20520533566295199      -0.24288356873090308     
 -0.31392028941035699       -8.2271282079398184E-003  -4.4679444333368901E-002 -0.37448990757874828       -6.5788394548713103E-003 -0.26534251688784927      -0.24269705703048203       -3.8042926926990933E-002  0.47231822009634261     
 pc            5
 -0.54031453870305868      -0.12973773041481682        2.6790990953380830E-002  0.17659387866636650        2.3286097199140911E-002   7.7996270612188168E-002  -2.3175620370077959E-002  0.10949391222088119      -0.55931892831468122     
  0.33988038579353413      -0.12430033921919828      -0.16170890984854475        6.3782422636946043E-002 -0.26650596800074716       0.22518520431583217        5.9956716007753298E-002  0.11649003187521771      -0.16507589949920234     
 pc            6
   6.7058129120494442E-002  0.40069067754041576       0.19654195693568202       -5.9171900495730921E-002 -0.25347772345262265       0.33921684938752766       -3.2993604496414676E-002   6.7336145899001571E-003  0.26025927377411762     
  -2.2609414627164693E-002 -0.24903091843003980      -0.41504839218379347       0.14204740087202081      -0.30258231800390323       0.30411833520414389        7.7713573498660107E-002 -0.31554957991295984       -2.6689970280243652E-003
 pc            7
  -3.3195518518794778E-002  0.23161174662050646        3.0267233862788873E-002 -0.24841437011873127       0.59237759869244311       0.13095400769708576       0.63508937186087910       0.25844796451502344       -2.1915844207782191E-002
  -6.2117296712010384E-003   2.1926451134795463E-002  -1.9445792957933661E-004   7.1775282137400837E-002  -9.9265773373539673E-002  -7.6444588075685910E-002 -0.12554416946186073       -5.4732272953680633E-002  -6.1874085554932776E-002
 pc            8
  0.21105526078547276      -0.10764423251223623       -5.0740943693386636E-002   3.0981028698801202E-002  -8.9760340135944930E-002  0.14666571466907635      -0.17953259423815360        1.3562984730007303E-002 -0.15055553896812168     
  -2.5394050883889668E-002  0.35219912355365240        6.5136638716460860E-002  0.27585170578304158      -0.39773262916923308      -0.18953490839721748      -0.60709272387703650      -0.19110539756045736      -0.22684730746693024     
 pc            9
  0.55184043985004461       0.11626271029821564       -1.5684516554230334E-002 -0.21333837750394471       -3.1137327065942480E-002  0.14480948868874180       -6.0676864406043793E-002   6.9635898812199629E-002 -0.58810695342010910     
 -0.27077834699094738       -9.1939461611942996E-002  0.13684751051090707      -0.10700477145655715       -9.0925745186551207E-002  0.21449535033822020       0.22135294143113066       0.21091882246678817       -1.2051258082228756E-002
 pc           10
  -7.3261482624297575E-002  0.17160915616185196      -0.35987273147728543        7.9857835765103760E-002  0.14535116892030803        7.2659345791817681E-002 -0.12365775591432555        6.7797571885456764E-002   6.6883286698213057E-002
 -0.13245201496579889       0.56455587344957925      -0.32218164344994038      -0.34401385860455080       0.15594465620615230       0.40110166706931910       -4.1906383186314865E-002   5.5147182196292478E-002 -0.17354501167942635     
 pc           11
  -6.4627230605418821E-004 -0.61336746322621793       0.16251749801867996        7.4440272215045108E-002  0.13647274752277702       0.53757153710385552        5.7003550256586481E-002   3.4560105354249651E-002  0.26388306690767638     
 -0.12357183351101249        9.2567485327322299E-002  0.22244195992450005       -6.1569331590542863E-002 -0.14408648776923763       0.28245716214987088       0.13009462758633053        4.5900834296592058E-002  0.11600082122394449     
 pc           12
  -9.4929423756367010E-002  0.16609412480622393       0.23427141149296921        4.1844762472160173E-002 -0.16994433609171597      -0.41981300711125330       0.19153862431356500        2.9109612672979200E-002   7.0968528836604563E-003
  -4.7681045031424014E-002  0.28289737178798585       0.34990306183414699       0.15560494531624627      -0.17287804879499075       0.51144853308752958      -0.12449563029743309        1.5443703889587193E-002  0.35763766807136077     
 pc           13
 -0.20640015402231032       0.24337740034313690      -0.49392281942565069       -5.9926676581816309E-002  0.14207638040282339        5.4160492903576468E-002 -0.20279825550092373      -0.14292064810309338        9.5679823949603851E-002
  -7.3506622089380491E-003  -4.9239200288650154E-003  0.44143057376068867       -5.5460555984493669E-002 -0.44326112565984643      -0.11167019367287115       0.32645872966707312      -0.19404599917433782        7.4789157336746667E-002
 pc           14
   9.5823253852736295E-002  -7.0323788586816274E-002   1.6785405961697294E-002 -0.35199732454676824        1.1870366223191120E-002  0.16582706211622680       -1.8708857060774697E-004 -0.26594157363731530      -0.20993047319593969     
  0.48892526822709159       0.37464152216900681      -0.15143994944967049        9.1003195292005332E-002  0.16312820027314248       -5.7176535015367388E-002  0.16964673238848957      -0.26641419857683779       0.42308035922996567     
 pc           15
  0.24409087823765835        1.6277044008998123E-002  0.25815497651951852       0.38257123636104901        7.1599648526627126E-003 -0.12845559026934056       -8.4292968488304618E-003  0.45466061545402181       -3.4504592724120924E-002
  0.25408912221405838       0.14708055666057945        9.8119224256445467E-002 -0.36332967843208058       -8.0691612734152193E-002 -0.13930308284165871       0.25178432823107744      -0.42112643851495957       -9.0171166356293589E-002
 pc           16
 -0.11836479028953928        6.8328626090548406E-002  0.53990490543293845      -0.27292583402769377       0.43167407850028838      -0.13224874459697250      -0.43241178516262552      -0.29926297205462943       -4.8357577829135608E-003
  -5.3063792535728543E-002  -2.5144660718449379E-002   8.4205718423178491E-002 -0.22507702414471800       -2.0179581928671954E-002   8.7515467718042070E-002  -9.1244411784854665E-002 -0.11042644467732932      -0.21250235106689394     
 pc           17
  -4.8086341455110496E-002 -0.10920599645313867      -0.16536407513572959      -0.21762383364416968      -0.32057039519688418        4.2696120597787879E-002  0.33098509056647024      -0.21594525631351255       -6.9180436095290912E-002
  0.12360101040405402      -0.21451434938360489       0.24943998427169337      -0.42552294016867559       0.14415106628405566       0.21528745955172124      -0.26472516547585867      -0.35674987261249896      -0.27647204367527622     
 pc           18
 -0.12659322702080972      -0.12858687918638279       0.19635016949068082      -0.18994349537584998      -0.28907144485356284      -0.16025846210572631       0.32003474331680137      -0.22752401987050733        4.5654833473579995E-003
 -0.26098152769881122       0.33757344627033803      -0.20512134080435088      -0.12686563842773582      -0.33660183183482906      -0.27578911262285122       0.35210831327917880       0.10393125651344050      -0.25489815906774860     
