 # Input file: data_vab/boc_1ao708.dat
 # frm0, frm1, nframe=        25000       67510       67510
 pc            1
   6.9384957794102293E-003  0.38128556187593887       0.20420282865000722       -7.2921775053563717E-002 -0.25116940857481318       0.33413849179971100       -3.2478984397149482E-002   3.5325446119558464E-002  0.23093856059866485     
  0.36165153138743128       0.16073519390499499       0.29458379078581848      -0.17989771168073596        5.4423946459742766E-002 -0.15201371304289940       -8.0534883810957220E-002  0.50999771892146140       -9.3609285512155943E-002
 pc            2
 -0.14206457019359284      -0.17046962578321731       -7.0059695311446582E-002 -0.54683508663216207      -0.19432066134395490      -0.12760184392601082      -0.26557706974421252       0.55204974068997337       0.11228266078000940     
  -7.5163139479884983E-002  -5.9815066286794900E-002 -0.11218331153015053      -0.25296848875782946      -0.12691101211381561       -8.5457280847458031E-002 -0.14488426644331498        2.4021287944526466E-002  0.27220807015447196     
 pc            3
  0.22167719133611763      -0.15771376808109955      -0.13222779999185041       0.10502320298964463       0.20725496092462628      -0.23096826805328979        9.2247349414704624E-002 -0.18635878869550354        2.7843328771664212E-002
  0.42957877552021984      -0.17799619532983149      -0.26745056672622930      -0.28724050575531079      -0.48028791278788602       0.12432141405148274      -0.14163805248117464       0.33187277296087825       0.10278857664213342     
 pc            4
  0.18824962832811698      -0.15718860466675355      -0.11166037800187456      -0.29458222369943809       -1.0025045177342469E-002 -0.23534553757262264       -9.5375973619121521E-002  0.17248772065014223       0.21827805336122122     
  0.32280152813200913        2.6873999182827984E-002   7.0641567566330804E-002  0.42596128162051838        3.4507194593294870E-002  0.26031768168138675       0.24812202520616949        3.8807368635396869E-002 -0.52463539257838243     
 pc            5
 -0.62102939110644706       -9.1325944645652371E-002   6.9242107083888685E-002  0.12177945260900365       -4.8997929079994305E-002  0.18562829170784781       -5.5750579921188946E-002  0.19864443012342775      -0.55830433101902521     
  0.27356371432336407       -6.1278045387845405E-002  -8.4205655653093292E-002   9.1873554791960022E-002 -0.16236587591876359       0.16376956167460366        5.8150158293361440E-002  0.10417088715954055      -0.18354190639610790     
 pc            6
   6.0388398688492051E-002  0.40038154033092588       0.19564667659045606       -4.6503769311499125E-002 -0.23330160973801184       0.33405380432084314       -1.8569691711819481E-002  -5.7841638259189644E-003  0.24970565094140401     
  -2.9457218169582623E-002 -0.25210546980662529      -0.42281474712216705       0.13354205446334394      -0.34359356458244800       0.30178805243262058        5.9276155454669681E-002 -0.30524958060885216       -7.9489623680616367E-004
 pc            7
   2.8623584215046478E-002 -0.19090056741041464       0.25131247563935605        7.9602601774834775E-002 -0.43742315965780282      -0.19704868954696034      -0.24840185465683476      -0.25475393673243468       -4.5083371071360505E-002
   8.3782151193413854E-002 -0.41370716980641647        5.9935784718113061E-002  -3.5441591865867712E-002  0.24197122176643970        8.1697368734432133E-002  0.43077214455632240       0.13232951525663941       0.28830298853672515     
 pc            8
  0.36114010437815669      -0.12280843418736603       -7.0144732187312347E-002  0.13941905161942716      -0.39235947654814513        5.5649727535142739E-002 -0.46267252747025184      -0.10736948355464744      -0.30142631293104938     
 -0.20630732869308097       0.29076496780571476       0.13811905698594529        5.6841391294961061E-002 -0.28680893934651447       0.15889634606770645      -0.29299504335228688        2.5201134058243698E-002 -0.11506434794659152     
 pc            9
  0.46301300793706573       -2.9785331890824274E-002  0.18602923507212313      -0.31687752069756897       0.16452811643090570       0.27663691744170610       0.31976685231037794       0.18907269156212714      -0.44809689181249079     
 -0.13500614038422107      -0.25068604918535048       0.22663054437718147        5.1599823241791777E-002 -0.12530193178603299        1.7366608984923287E-002  0.18304301073385298       0.12972135026176548        7.6793701429129974E-002
 pc           10
 -0.11989068456175117      -0.22518576408918822       0.48828882694728298       -5.7894353398399420E-002 -0.14752986541957042      -0.19489024641203795       0.34784607227724312       -5.4261910191578618E-002  0.11287944608464144     
  0.10383604290796782        6.0671303596615440E-002  0.18764108649456909       0.37884812794229089       -9.3024783473772257E-002  0.10525063173984762      -0.47908001910851317       -6.4763222968726650E-002  0.22375951218775428     
 pc           11
  0.26629944599093153       -2.3747886452817446E-002  0.20843844995623334       -5.8895199038638081E-002 -0.11247358000870865       -1.3119056187276346E-002  0.13272118611808573        9.4744918838664760E-002 -0.25089175243407352     
  0.21752216266090818       0.30773346808663848      -0.52671160481508927      -0.20592954371634417       0.51942044177477920       0.16479400757265575      -0.12477050229656901       -6.0949454016942156E-002  -3.4055340167274954E-002
 pc           12
 -0.14872393363278974        1.5071891517746192E-002  -3.6487185508351609E-002   4.2708084907040464E-002   8.4763944410914963E-002  -2.4046917463848211E-002  0.13843122448054809        6.7826236379738489E-002  0.15680784052498009     
 -0.36025640513468477       0.16529610941246378       0.13094935823325479      -0.19877827915383206        7.1358757797167410E-002  0.76501005323539872        9.3190334702598160E-002  0.31169205234753394        9.1904325562355282E-002
 pc           13
  0.14120542294695068      -0.42544782795611497       -4.5874916290497378E-002  0.52907417334768558      -0.25138398061572065       0.23551118606653498       0.26408052666562581       0.46190091046771975       0.26025448458850509     
  -7.9414707132278266E-003  -6.0428851150075270E-002   1.1417593125446912E-002 -0.10601046410978361       -3.8293571379482173E-002  -9.8271224720348230E-002   9.2692165864358494E-002  -4.9470808290638338E-002 -0.10150007807412362     
 pc           14
  -7.9102765404235956E-002 -0.53932766191999781       -5.0933497438691536E-002 -0.27151536308068813       0.16174764000153610       0.61343175406636696      -0.13711819594799124      -0.36798987585460124       0.18479218131608313     
   8.6751655602388317E-002   8.3208920066490652E-002  -5.4655952148138384E-002  -2.0714988095056485E-005   8.4119307958954156E-002   6.1444308505329552E-002  -1.3720989993193740E-002  -3.8363143020975321E-002   7.6015738122486839E-002
 pc           15
   6.9611691068433013E-002  0.11923054309557331      -0.27788653846217098        6.6816007826777060E-002  -3.2470401837010880E-002   5.3199448376698162E-002   3.4245489057970938E-002  0.11705817462083876       -5.6660865130644472E-002
  0.35895397117540995       0.42530040091182986       0.12159918152861354       0.21332968885839002      -0.10313251337941748        8.3224551436115110E-002  0.31249043057518583      -0.18924562359280980       0.59685134927346317     
 pc           16
   3.0153650044561577E-002   6.7851067651657118E-002 -0.41615359987212730        6.0281381383626299E-002 -0.10105704433983412       0.12398940991961034        4.2207778890917966E-002   5.6013914215606246E-002  -1.5808857785214094E-002
 -0.12342057353225108      -0.23719761563100492      -0.27506457912652477       0.51275167458768789       0.24858769130220204       -4.1297910063911293E-002 -0.25670338194452563       0.45755104819714548       0.19517519376744427     
 pc           17
  -2.9345648111564447E-003  -9.5124448692912145E-002  0.42371102702650487        8.2819987150399135E-002  0.21009218464680962       -5.8568227838467227E-002 -0.16434598406223719        6.7024665189931013E-002   9.1059821711564626E-002
 -0.25319564025277208       0.36243073222358008      -0.34936353357336503       0.23653671050049724      -0.21202204933938412      -0.25109448156491654       0.32400846710114439       0.35785045992083231        5.1778294448798196E-002
 pc           18
  0.14448592200184920        6.0608107058318636E-002  0.24463239771881212       0.27825342691678778       0.49046028589329554        8.1866388504724483E-002 -0.50304657069120651       0.30202554252058894        6.3179737998815613E-002
  0.16627156809908319      -0.21805894346602872       0.13718730359646686        7.2197351300445675E-002  0.19663147154665492       0.16631027718555946      -0.21910717561516524       -8.0455521420229895E-002  0.15042372937737866     
