220  22.74  19.7155
240  20.47  19.7995
260  24.57  20.445
280  18.32  21.66
300  13.5  22.4805
320  15.37  21.8385
340  20.9  22.3785
360  22.94  23.283
380  15.74  23.2945
400  19.71  23.712
420  23.98  24.6605
440  18.87  25.2025
460  15.18  24.9545
480  15.93  24.7635
500  13.94  24.4875
520  7.96  24.745
540  15.24  25.3255
560  20.47  24.8235
580  14.35  24.333
600  18.86  23.62
620  19.11  21.169
640  16.92  20.636
660  19.57  22.901
680  18.77  23.5805
700  14.45  23.394
720  10.25  23.261
740  9.54  22.9235
760  9.49  22.929
780  7.13  23.2305
800  12.28  23.3495
820  15.07  23.6845
840  12.62  23.908
860  18  23.4685
880  24.22  23.0405
900  32.42  22.516
920  43.19  22.887
940  43.9  23.7705
960  33.82  23.875
980  24.44  23.537
1000  24.07  23.824
1020  25.15  24.7505
1040  16.68  24.8535
1060  9.8  24.112
1080  11.44  24.0965
1100  22.55  25.0685
1120  31.34  25.2575
1140  22.21  24.88
1160  13.85  24.8935
1180  15.41  24.923
1200  15.91  25.134
1220  11.65  25.1915
