220  22.74  31.74
240  20.47  31.13
260  24.57  32.1145
280  18.32  33.953
300  13.5  34.9885
320  15.37  35.231
340  20.9  35.1165
360  22.94  34.518
380  15.74  35.095
400  19.71  36.6985
420  23.98  38.378
440  18.87  39.504
460  15.18  39.24
480  15.93  38.8475
500  13.94  38.578
520  7.96  38.677
540  15.24  39.0965
560  20.47  39.3965
580  14.35  39.105
600  18.86  38.6515
620  19.11  37.785
640  16.92  37.3785
660  19.57  38.801
680  18.77  38.5725
700  14.45  36.172
720  10.25  36.5815
740  9.54  38.778
760  9.49  39.811
780  7.13  39.877
800  12.28  39.015
820  15.07  39.218
840  12.62  40.244
860  18  40.288
880  24.22  39.6
900  32.42  38.572
920  43.19  38.306
940  43.9  38.89
960  33.82  39.3205
980  24.44  39.27
1000  24.07  39.1785
1020  25.15  38.924
1040  16.68  38.6085
1060  9.8  38.3305
1080  11.44  38.269
1100  22.55  38.5885
1120  31.34  38.9755
1140  22.21  38.3195
1160  13.85  37.734
1180  15.41  37.7565
1200  15.91  37.804
1220  11.65  38.6345
