220  0  32.7435
240  0  33.04
260  0  33.503
280  0  33.758
300  0  33.868
320  0  33.9795
340  0  33.6365
360  0  33.174
380  0  33.177
400  0  33.255
420  0  33.585
440  0  34.399
460  0  34.4585
480  0  34.624
500  0  34.889
520  0  34.4915
540  0  34.6995
560  0  34.979
580  0  34.0105
600  0  33.852
620  0  34.911
640  0  35.3745
660  0  35.7205
680  0  35.53
700  0  35.206
720  0  36.0545
740  0  36.306
760  0  35.483
780  0  34.69
800  0  34.28
820  0  34.406
840  0  34.996
860  0  35.0985
880  0  34.522
900  0  34.481
920  0  35.2465
940  0  35.7785
960  0  35.988
980  0  36.452
1000  0  35.873
1020  0  35.019
1040  0  35.134
1060  0  35.366
1080  0  35.3985
1100  0  35.569
1120  0  35.6085
1140  0  35.962
