220  0  20.0285
240  0  20.1135
260  0  20.049
280  0  20.056
300  0  19.8825
320  0  19.655
340  0  19.6465
360  0  19.671
380  0  19.941
400  0  20.252
420  0  20.366
440  0  20.518
460  0  20.738
480  0  20.8725
500  0  20.6685
520  0  20.736
540  0  21.069
560  0  21.004
580  0  21.054
600  0  21.145
620  0  20.9785
640  0  20.7755
660  0  20.6155
680  0  20.342
700  0  20.404
720  0  20.534
740  0  20.546
760  0  20.6155
780  0  20.538
800  0  20.2075
820  0  20.182
840  0  20.4105
860  0  20.5435
880  0  20.522
900  0  20.5425
920  0  20.4515
940  0  20.298
960  0  20.8225
980  0  20.827
1000  0  20.5545
1020  0  20.899
1040  0  21.0135
1060  0  20.686
1080  0  20.8
1100  0  20.8865
1120  0  20.7375
1140  0  20.872
