0 1 0 0.940016
0 1 1 -0.830344
0 1 2 -0.381327
0 1 3 -0.11222
0 1 4 -0.559918
0 1 5 -0.59254
0 1 6 0.139707
0 1 7 -0.114104
0 1 8 -0.0269278
0 1 9 0.268346
0 1 10 0.858562
0 1 11 -0.891609
0 1 12 -0.978001
0 1 13 0.990457
0 1 14 0.975108
0 1 15 -0.999994
0 1 16 -0.999958
0 1 17 0.999954
0 2 0 -0.910339
0 2 1 0.650514
0 2 2 -0.0623513
0 2 3 -0.274224
0 2 4 0.0253264
0 2 5 -0.508934
0 2 6 -0.269202
0 2 7 -0.910098
0 2 8 0.57308
0 2 9 0.0371201
0 2 10 -0.806149
0 2 11 -0.951154
0 2 12 0.964846
0 2 13 0.770049
0 2 14 -0.795102
0 2 15 0.999999
0 2 16 0.999993
0 2 17 -0.999994
0 3 0 -0.954597
0 3 1 0.68529
0 3 2 0.102726
0 3 3 0.414795
0 3 4 -0.0265815
0 3 5 0.502247
0 3 6 -0.397267
0 3 7 -0.553441
0 3 8 -0.400484
0 3 9 0.816847
0 3 10 -0.811658
0 3 11 0.912055
0 3 12 0.945447
0 3 13 0.978036
0 3 14 0.929583
0 3 15 1
0 3 16 0.999967
0 3 17 0.999967
1 2 0 -0.933726
1 2 1 -0.858256
1 2 2 0.605342
1 2 3 0.713859
1 2 4 0.650543
1 2 5 0.704869
1 2 6 -0.140612
1 2 7 -0.0819919
1 2 8 0.626121
1 2 9 -0.847319
1 2 10 -0.88753
1 2 11 0.950502
1 2 12 -0.947281
1 2 13 0.709277
1 2 14 -0.753636
1 2 15 -0.999997
1 2 16 -0.999984
1 2 17 -0.999982
1 3 0 -0.908668
1 3 1 -0.756564
1 3 2 -0.655553
1 3 3 -0.49362
1 3 4 0.724001
1 3 5 -0.904091
1 3 6 0.571076
1 3 7 -0.365013
1 3 8 0.116028
1 3 9 -0.100886
1 3 10 -0.79273
1 3 11 -0.883779
1 3 12 -0.98814
1 3 13 0.958116
1 3 14 0.952208
1 3 15 -0.999995
1 3 16 -0.999999
1 3 17 0.999995
2 3 0 0.937597
2 3 1 0.892794
2 3 2 -0.875964
2 3 3 -0.917111
2 3 4 0.949464
2 3 5 -0.897498
2 3 6 0.482814
2 3 7 0.750391
2 3 8 -0.00144125
2 3 9 0.180057
2 3 10 0.967279
2 3 11 -0.97253
2 3 12 0.935305
2 3 13 0.864218
2 3 14 -0.90006
2 3 15 0.999999
2 3 16 0.999988
2 3 17 -0.999989
