 # Input file: data_cab/boc_1ao7_t.dat
 # frm0, frm1, nframe=        25000       50010       50010
 pc            1
   5.4182738821990607E-003  -7.5043044139345524E-002 -0.23443814516388192       -2.7709324305977131E-003  -1.6494517613613920E-002 -0.55936815465110246        1.9746221641627837E-003   1.4580490506524282E-002 -0.50655688435647406     
  -5.4182735739715365E-003 -0.22797000058301886       -1.3724868144855887E-002   2.7709329653722073E-003  -4.5180158825218177E-002 -0.41059112587074353       -1.9746220379395739E-003   2.1251618024980882E-002 -0.38224535923973119     
 pc            2
   5.4479462168556085E-003  0.30806102471915925       0.13420896378898603       -3.9642677827978114E-003  -4.5061961188471632E-002 -0.10523957785172292       -4.8659290299107585E-003 -0.39133556343729059       0.40376293072914277     
  -5.4479468693140222E-003 -0.42246928720390725      -0.14440024153709116        3.9642673782695767E-003 -0.17489692564061762      -0.43276230027699908        4.8659294054207332E-003 -0.32425345424826113       0.18796292938504777     
 pc            3
  -1.9730788719500504E-003 -0.23913963520280646       -3.2167913805352590E-002  -8.3320670576587565E-003 -0.26508262049261372       0.14981178259593414       -1.0800565680545616E-002 -0.69757830557250644      -0.25586705311929464     
   1.9730784709451241E-003  0.27765598799212243       0.12785220300918679        8.3320671618996589E-003 -0.14526145331128115       0.15035823865778800        1.0800565931235526E-002 -0.36432404880693209      -0.16346920214123947     
 pc            4
   1.2062940038892645E-002  -6.6203832644217794E-002   4.8292798317845845E-002  -5.2139419625161073E-003  0.18336810353808641       0.36813031383201533       -1.0733575536774538E-003  0.46581823747632944       -2.8095642172473127E-002
  -1.2062940934412056E-002  -2.3271103562029206E-002   3.9003865376114784E-002   5.2139415015360468E-003 -0.20150469761385478      -0.15652600114185378        1.0733570253945396E-003 -0.65078961764462873      -0.33959220442155602     
 pc            5
   4.2711583264676634E-003 -0.63583377920022255      -0.49922802096885338        8.0295953124287431E-003  -2.4584540085190475E-002  0.18537262319677042       -1.0777323640502772E-002   6.2424408621924461E-003  0.22738695934585504     
  -4.2711566774070462E-003 -0.19591264140291947      -0.27957488589358542       -8.0295950994758673E-003 -0.30152358777560018       -9.6211275989796521E-002   1.0777323649943351E-002  0.15701180634120163       0.13419454276845796     
 pc            6
   2.0045609388406313E-002  -8.5959344395067000E-002   4.2351503777022350E-003  -3.3665885711169085E-004   2.4831664035988583E-002  0.41330872929776119       -1.9374605059384532E-002 -0.19182574607894898       -4.0504331164749031E-002
  -2.0045607543421912E-002 -0.47113998010036717       -6.0740643169556824E-002   3.3665980779786598E-004  0.66966011828768301       -2.0382031695511754E-002   1.9374603498161801E-002   8.9713544299719783E-002 -0.31398895156685092     
 pc            7
  -9.4652079188891302E-004  0.17154427715669363       -1.6268742810446570E-002   1.6183035636737370E-002  0.24946206202417223       0.29459182401973677       -8.6627208486891069E-004 -0.18601236738097790       0.16838080272847217     
   9.4651795578037674E-004  0.40321884619426429        7.6569481330821712E-002  -1.6183035792017689E-002 -0.16713770641191042      -0.48987648724447952        8.6627202674544187E-004  0.43008612330893109      -0.36942668258406425     
 pc            8
  -1.1657640753128566E-003 -0.28926075313241090       0.27737031553741548       -1.5059867187005112E-002 -0.69373864440408650       -9.7336422474859699E-003  -7.2257722349835544E-003  0.23182615119320069       0.17020246147426954     
   1.1657615547409734E-003  0.14264894199858377       0.23242832267095834        1.5059869385639708E-002  0.18887617984813948      -0.40271819867804115        7.2257724394411910E-003   3.7733772046060453E-002   3.3185069933022109E-002
 pc            9
  -1.3827759731349932E-002 -0.14095770366454660      -0.38998467695168548        3.7990212559495117E-003  0.35349107924037881      -0.20275600092793247        3.3221481673845680E-003  -5.9435489936940013E-002  0.20094073249074720     
   1.3827752214893796E-002  0.29039083041961528       0.32040099652484688       -3.7990211185245570E-003  0.47854290650452308      -0.21611496168711694       -3.3221476060447219E-003 -0.30114062809423220       0.25348674532287069     
 pc           10
   1.2223565627258102E-002  0.43238638942615848      -0.50534952771280772        9.9675265274702194E-003 -0.41667194836173405        4.5450713710106318E-002  -4.1093298249274227E-002  0.10489108158320838        7.8747415347562466E-002
  -1.2223568516283059E-002  0.26441009402870602      -0.47192118693913765       -9.9675274117409906E-003  0.17901293863058126        3.4280058731699634E-002   4.1093298332389276E-002 -0.13450858605368604      -0.13026442023323065     
 pc           11
  -1.5977659732130469E-002  0.31553831993518816      -0.43265379496999967       -6.1633864557322183E-003 -0.21741134673507923       0.23177939964171534        2.1083176136541385E-003   5.4315767872954640E-002  -6.8649829105922391E-002
   1.5977661978868636E-002 -0.29864438801688814       0.67446048507108414        6.1633873891676384E-003 -0.19742513792721084        5.4622595983743839E-002  -2.1083189326913474E-003   9.8924035909630489E-002   9.0370053287829308E-002
 pc           12
  -1.7164843476673113E-002  -8.1066709886563879E-002  -3.7031606350869377E-002   2.0644005498092491E-002  -4.1040697673708389E-002 -0.35699638929305905        2.5699097997165712E-002  -1.6760451266115032E-002  0.59249517821607012     
   1.7164836329208715E-002  -6.9739606949767885E-002  0.18912423415327068       -2.0644006618853523E-002  -4.5053712596247915E-002  0.36569540640333154       -2.5699098898628772E-002  -5.9617379168608719E-003 -0.57654318123933890     
 pc           13
  -2.1062006396217473E-002   1.0282306864793230E-002  -2.3703720686444739E-002  0.15086429018541764       -3.7732265423992301E-002   3.5207609887873054E-002  0.68820887607329528       -8.1678862073797064E-003  -1.8959280806414472E-002
   2.1061999908221156E-002   2.6543357632087899E-003  -3.7978545368819228E-002 -0.15086428519615236        2.2554446024465831E-002  -1.9070614726945437E-002 -0.68820888423797910       -1.3285934471091668E-002   8.6260420659568810E-003
 pc           14
 -0.36990367953553788       -6.2433912787783867E-003   2.4146219046481433E-002  0.58499903223066874       -1.0795687663680395E-002   9.2577337736403711E-003 -0.14044846321321997        5.2392326060472644E-003  -2.7354829062862695E-002
  0.36990368048954098       -1.6963309989119688E-002  -2.1086168642464463E-003 -0.58499903463466885        3.1408499913295551E-003  -1.2006496923104230E-002  0.14044846785157478       -1.6502108864497479E-002   1.1167122697793491E-002
 pc           15
  0.60100446445450006       -3.9237039784766085E-003   6.5175051616644308E-003  0.36573880098302686       -3.9110415791334258E-003  -1.8249442448485698E-002  -5.9902519775101491E-002  -1.3105125118007103E-003   1.5787054311337465E-003
 -0.60100443774628065        6.3064184010604707E-003   4.3326832424401204E-002 -0.36573880241830947       -1.0971681787773694E-002   9.2396451081186992E-003   5.9902528203579074E-002  -1.0992391296578781E-003   1.8616354334504290E-002
 pc           16
 -0.70710607312126406       -7.8769132003950931E-011   1.6804789713738113E-009   8.3686987661617544E-004  -3.5597542445175863E-010   2.4889892441052494E-009  -5.3384270876974892E-004   9.2059979766640915E-011  -4.8684578255490321E-009
 -0.70710609579310091       -3.9337273073132971E-009  -6.0347244175120019E-010   8.3685693925572991E-004  -2.5446289344100064E-009   1.2999436644301206E-009  -5.3383377434460932E-004   2.1309269815520568E-009   2.8159654044796474E-009
 pc           17
   5.2312353542627917E-004  -2.8595738028399564E-010   5.2133116744406571E-010  -9.0190874609380346E-003   2.2314497684608753E-010  -1.0010753397465113E-009 -0.70704907119035432       -1.4685122955524788E-010  -1.1348115344862467E-010
   5.2311858156994047E-004   8.6701006071085435E-010  -1.0542407311036916E-010  -9.0190938660907882E-003  -4.6880341094994638E-010  -3.3739202182335677E-010 -0.70704906168156356       -2.1109169862906869E-010   9.5828503684334151E-010
 pc           18
   8.4360423732495924E-004   6.9178913679325273E-010  -1.0145128657759099E-010  0.70704876561557950        1.0958369518557804E-009  -4.9843460731804447E-010  -9.0184654271743946E-003  -1.1039160921044829E-010   6.3454595206155163E-010
   8.4360409580638894E-004   3.6893161901314677E-010  -7.5065844273459205E-010  0.70704876378363368       -7.3303934858001046E-010   9.1653869630440530E-010  -9.0184598951065908E-003  -4.9386780655661589E-010  -4.0796209015428481E-010
