 # Input file: data_cab/boc_1ao712.dat
 # frm0, frm1, nframe=        25000       62510       62510
 Reading: data_cab/cm_ca.dat              
 Reading: data_cab/cm_ha.dat              
 Reading: data_cab/cm_cb.dat              
 Reading: data_cab/cm_hb.dat              
 pc            1
  0.24976755197721393       0.45043928758375390       0.24433993990665831       0.20725053702112931      -0.17678392973537665       0.37024888096296904        8.7436677814853467E-002 -0.32795033369894755       0.22939485434039683     
  -8.3333915971697259E-002 -0.19781132446645763      -0.27887478023391815      -0.14598159787090922      -0.26134748959609716       0.10590312675051471       -6.9443573393444091E-002  -9.2612911605867945E-002  0.24049379726825218     
 pc            2
 -0.13002780673343819       -1.1297678331295923E-002   2.0454268176939711E-002  0.19444230744275040        3.4996159863177313E-002   3.6821368532855552E-002   3.7888859212194211E-002 -0.10165204792788803      -0.21901734960819311     
  0.11478942877430713       0.14253835861436281       0.20685105513343355      -0.53801543665298468       -4.3700345974427169E-003 -0.32347950099459877      -0.26479638753244972       0.49280253894968057       0.31472174357907901     
 pc            3
 -0.16692153681397950        7.5757199881238177E-002   7.1268141437908550E-002 -0.57512746208509924      -0.24521731001591221       0.10032610844468513      -0.17286258523592929       0.57277832622101255       0.19048611539791974     
  -1.2703530294524406E-002  -9.6069214768215283E-002 -0.13217657116665732      -0.21272303888939043      -0.17459647966916406       -5.7105787832533901E-003 -0.10777651773295314        5.7770833921313471E-002  0.22028799444937372     
 pc            4
  0.18440642671568927      -0.23326128441408911      -0.16828566621025984       -3.4117631991721312E-002  0.16331115820511316      -0.27412473070938720        7.1388873797180097E-003  -5.6440541333749490E-002   9.4757479448211709E-002
 -0.58737670001472664       -3.2661727517416875E-002  -5.9456350435194177E-002 -0.15815733700323370       0.10994092721099347      -0.18361363012009002       -9.4723690910653746E-002 -0.36089219296368424       0.45653617795334406     
 pc            5
 -0.59311235461111667        1.3929479588207876E-002   8.6426654183147003E-002  0.23022402802316147       -3.7944342475527144E-002  0.18260585558353309       -1.6609638781634631E-003  0.10774791673366703      -0.58305267474290923     
 -0.20977390209367530      -0.12947664769086284      -0.18426724624334812        6.0781789403131392E-002  -7.9075753147330466E-002   9.2501039831257931E-002   2.4671457920785098E-002 -0.27075628383961831       0.11856799665030585     
 pc            6
   5.6671906351121029E-002 -0.31352553671827732      -0.21305252713743481        4.8101335761997925E-002  0.23071525021964287      -0.32138638212666032        2.1612697706524953E-002  -5.3448254788368683E-002  -6.9534138301115850E-002
  0.30147943144268025      -0.28271020644673150      -0.39403453522052495      -0.12320074983006847      -0.49937597070856554       0.27575083901287123       -5.9171534011328075E-002  0.11315539717530808        5.5950986592684770E-002
 pc            7
  0.19963043556138682      -0.36026832986939195       0.41131171312322057      -0.12335700366818840      -0.49930355435049106      -0.15946496666590446      -0.30481333483865647      -0.26335142521362087      -0.25666350880479866     
  -5.6644834308634824E-002 -0.17533156665195815       0.12690400258873552        7.7721554491789963E-003   9.5931765107799508E-002  0.21716834733593440        9.7935897200455382E-002  0.12677770629816537       0.10460344538395284     
 pc            8
 -0.13735571868527205       0.11569611152012250        8.6889487553069425E-002  -9.9156382174565544E-002  0.29268903258614309       -2.9359825102141860E-002  0.26179847909733411        1.3135328711955874E-002   8.9950574301453812E-002
  0.13743393772027210      -0.24014330626413607       0.11171793119114690      -0.14274205817771488       0.40950440986052278       0.38882992081832923       0.46126024749863331       0.11453745998704991       0.36449909314584378     
 pc            9
  0.16954046326167235        4.2685046390595033E-002 -0.46873184119783690       0.29808300358088019      -0.23277652781970556       0.12808183888883229      -0.47736398325514545       0.14846123312116827       -4.1167856503200546E-002
  0.17309871526394180       0.16780208606136859      -0.20473145953606406      -0.22985134548014610       0.20837662224634002        5.5227472041992305E-002  0.34851152711514938       -8.8779456637435167E-002   9.9944717042764392E-002
 pc           10
  0.44699261268650803       -7.9352961010635478E-002   3.5470999217774545E-002 -0.15328143046372242        9.8621994251473749E-002  0.25079060034049577       0.34115024962516610       0.21843706751506703      -0.39740733849387072     
 -0.29025786677335608       0.30661558942434974      -0.10085659883806833      -0.20467852366465300      -0.12281931855311599       0.19389734509585319       0.20292415649734521       0.13769231688165959      -0.17705368899292348     
 pc           11
  0.32443324722924605      -0.11987429177144232        6.2563026381715500E-002 -0.21585689518583664       0.23322431368390825       0.34385964846018352       -2.9326179521600007E-002   1.8175745647449129E-002 -0.31036816592698474     
  0.46647926538092283      -0.18766943508507519       -1.9139891108316161E-002  0.17044809816283429       0.16507206553425011      -0.29826263574827916      -0.15988587121704514      -0.29236551326682475       0.22410039747047303     
 pc           12
  -9.5007536571545190E-002  -4.4955205968515962E-003  0.33448819586253403       -4.7892937198721883E-002 -0.15007396544221799      -0.31770860927084305       0.24516513843800997       -5.7927440798702809E-002   2.4281922045541370E-002
  0.28281265433112640       0.34064394754082011      -0.43031394686416913      -0.32455150485346962       0.25962220421567972       -8.3068333000908504E-002  -3.9040174696028017E-002 -0.32741013711542688      -0.14040844819593792     
 pc           13
 -0.25887404717705131      -0.31615591654724312       0.13165623602873719      -0.23078788663877603       0.36741811761468585       0.39705914060847047      -0.36246325393815110      -0.37321574565742660       0.21504725722843701     
  -6.2694906006150075E-002  0.29160242471131442       -9.3168210897372136E-002 -0.15235606942199231       -7.5916510698043449E-002   8.3202503633221667E-002  0.10887181671046466       -3.2677180132864705E-002  -8.0025833949162142E-002
 pc           14
  -2.0707942896397689E-002 -0.20431980234413047        4.1226886412679492E-002   8.2407145899486819E-002   6.4233790718535230E-003  0.15515782280464691        4.9900775248794632E-002   5.3024716088337219E-002  0.10830916571889193     
 -0.20515790319681501      -0.41765617136551719      -0.48359037758700330        2.6120809651531442E-002  0.33943230895702475      -0.35496068064880704        8.5126987797305334E-002  0.37823070967555289      -0.25612764179566117     
 pc           15
  -2.4590397122116910E-002 -0.34385615225871780      -0.17216653321953496       0.16292876583987373      -0.16462634610680224       0.30631505818987065       0.20408969134037011       0.10018099347698078       0.18037682254987875     
   2.5706916264256762E-002 -0.11267667397336548       0.14421660799707364      -0.18915175961070380       0.26618066004432062       0.43191659786361869      -0.50567075481409085      -0.14046775186527485      -0.13055225456391523     
 pc           16
  -8.4519368259614425E-002 -0.45590161302558546        5.7386783589524815E-002  0.21155719053865019      -0.27152225044021644       0.18295212483088663       0.36361419537988826       0.11483176145413647       0.26295605595725935     
  0.13819713459687913       0.12513271376173585       0.10839111016419470       0.14609914981392838      -0.28343643837174870      -0.24776153338918194       0.37736250377618169       -7.1189841939871518E-002  0.24119392239858392     
 pc           17
  0.15441035864549271       -5.3765742345143926E-002  0.50062546336731795       0.41897667040344788       0.32006424438629183       -7.3747539843000767E-002 -0.27841152951613685       0.43627132503888338       0.11957778864436037     
  -7.1132745704447194E-003 -0.13984286665232573       0.19086908582267975      -0.20740883593276735       -9.1909022155886227E-002  -1.5282338617501192E-002   4.5132714736091560E-002 -0.14931633747562703      -0.15813240236405357     
 pc           18
  -5.7117822764329751E-002   4.4401380927895827E-002 -0.19373874026605592      -0.19698665593696266      -0.10931071956195207        2.1839651734117550E-002   9.2687358095854447E-002 -0.19432902758701781       -6.9933213330110849E-002
   9.2417731876083351E-003 -0.40540165436694664       0.30247503613592591      -0.47592831407755104      -0.15103059636676142      -0.22328228802899833       0.26275761804551634      -0.29823909810575527      -0.37638848033695688     
 Writing: data_cab/pca3/dir_triad.dat
 pc            1
   1.8926159085570797E-003  0.13467774857590123       0.28889503776605019       -2.3912361574475972E-003   1.9027206602855149E-002  0.67000657971535771        4.4017408282582358E-003  -6.0187611125364207E-002  0.39208351557784160     
  -1.8926161783655729E-003  0.27699259157506750        7.4554873358471802E-002   2.3912363819580808E-003   2.6188621834634950E-002  0.39287179471345990       -4.4017409358888043E-003 -0.13503311913844468       0.19018403763797995     
 pc            2
  -1.7307245737777125E-003  0.28618508432284223       -3.1709567531479056E-002   1.2149575954517457E-003   6.6144854750857338E-002 -0.21375473344477045        3.9971120378652809E-003  -8.5528155398849962E-002  0.59433698186351602     
   1.7307228934758383E-003 -0.32222067203870669      -0.19856513547699892       -1.2149577224778781E-003  -4.2753090770126026E-002 -0.23573574491519561       -3.9971121380459234E-003  0.19457867218175437       0.51760956360239962     
 pc            3
   1.0492517608588660E-002  0.48926158709325279       0.20119444508361695       -1.9644907592687801E-002  0.13855683239577454        4.2967195091519660E-002   1.7328176332401416E-002  -7.3076450617779648E-002   5.0281060555023620E-002
  -1.0492519224353460E-002  -3.9356530270905923E-002   5.7464499124031149E-002   1.9644907465154644E-002 -0.19685520180126950      -0.45677901680289951       -1.7328176077097353E-002 -0.56604710176031303      -0.34202242186119219     
 pc            4
   4.6345027334915015E-003 -0.66191277842080554      -0.12324258154428124        1.6736131426363109E-002 -0.19190967889686994       0.26971829344135939        2.3283916234219347E-003  -1.1815281885057203E-002  0.21587921267559776     
  -4.6345050560839289E-003 -0.30128164858041950      -0.24108798815562787       -1.6736130753849596E-002 -0.24538806376470396      -0.20115507117662712       -2.3283920093166710E-003 -0.37433841793178474       -6.7867632448164157E-003
 pc            5
   8.8205670161779965E-004   1.3369324678598258E-002   2.0164622947103160E-002  -2.1219978493553476E-002  0.12167460646777595       -6.4705291750454627E-002  -5.0054082456003762E-003  0.96737229704004168        8.7798024059672741E-002
  -8.8205778787603471E-004   3.3534076559238791E-003   2.8248935890314384E-002   2.1219978514886183E-002  -1.5045278857022391E-002   3.8236875654752964E-002   5.0054081369471076E-003 -0.15446936668065492        9.7953147484469982E-002
 pc            6
   4.4401893238185013E-003  -2.8002935768365468E-002  0.29386917775255983        2.0478683896830201E-002   6.9956347069337399E-002  0.44156923527094361        5.0357862786935426E-003  0.16520303437718797       -1.9106603472657979E-002
  -4.4401861565467647E-003 -0.19010613515628116      -0.10978727706443435       -2.0478684834339622E-002  0.13668624910300259      -0.42244440739440875       -5.0357860380431047E-003  0.58750297764679205      -0.30642733169115466     
 pc            7
   3.4874023591213964E-003  0.23608611350302658        4.3376963655516049E-002   4.8872630709240750E-003  0.23698661014051567       0.13270715531660399       -6.1609653803909878E-003  -7.0254824551098808E-003 -0.34405619487339439     
  -3.4874009962757731E-003 -0.52348034686405243      -0.51197877426726512       -4.8872626927889554E-003 -0.10433530779732693       0.44424544362038521        6.1609665144540344E-003  -7.4451967707348798E-002  -9.9501930897421265E-003
 pc            8
   1.9461084305126587E-002   4.5432265023415873E-002 -0.74750754367508820        3.0057249818506767E-003  0.55882088632181526       0.27465893771747379        1.3223100242547850E-002  -2.2388564807883347E-002   7.5542511148172467E-002
  -1.9461091943384135E-002  0.15500021570534045        4.9332264419499365E-003  -3.0057263337621484E-003  -3.5603565041820905E-002  -8.4302546984878393E-002  -1.3223101489710225E-002   6.4647177104468601E-002  -8.6681691963623075E-002
 pc            9
  -7.3912496997999098E-003  -5.9971356755834426E-002  0.18796178739799876        4.0366510631994194E-002  0.12627541042459092      -0.10259317817680839       -1.1508183039083556E-003   8.9898481783092198E-003  -6.0896703000940758E-002
   7.3912459938391545E-003  0.42800503420871566      -0.27655154662108300       -4.0366510983839379E-002 -0.78085758975209840       -2.8499298658085322E-002   1.1508154612805280E-003  0.23338169084988306        5.2498104232857085E-002
 pc           10
  -9.5742529455507481E-004  0.38885500658946920      -0.41326928215532077       -1.2667382824865913E-002 -0.72649747067668324       0.17484897898051446       -6.5219896783542714E-004  0.13778380767458781        4.3874723122596217E-003
   9.5742244887065992E-004   9.1886921286360071E-002 -0.22735277309961002        1.2667383508341342E-002 -0.11978930555474350        5.8660071418631735E-003   6.5219993027797391E-004   9.4127280910210498E-002 -0.13009990237670790     
 pc           11
   6.5390027292653854E-003  -8.3134535145725927E-002   7.3259638951244280E-002  -1.4277200443455120E-002   8.1348717234084725E-002 -0.23923211491467930        3.1856139703840942E-003  -1.3318708828541083E-002  0.29430297036978159     
  -6.5389966954306506E-003  0.35967891167930832      -0.64311578899566402        1.4277199045293372E-002  0.41722326351071187        5.0918188965575158E-002  -3.1856128327649325E-003  -9.2311112095082956E-002 -0.32925802445142149     
 pc           12
   1.5047930758848584E-002  -2.1580787852157363E-002  -2.2236061640717258E-002   1.7869321326150587E-004   8.8272418514985188E-003 -0.19972219410145473        1.8915022712558037E-002   4.1813861795861945E-003  0.46945927048757990     
  -1.5047941911466594E-002 -0.26806404478834883       0.27666956174044749       -1.7869230107326510E-004 -0.25868126144877102       0.39117863315126516       -1.8915020535733042E-002  0.17575251834870040      -0.58160546465367835     
 pc           13
  0.18343976028034942        2.8464825328403920E-003   6.1436055915292812E-003  0.23508253394251513       -2.0232677829092990E-002  -1.3188122455517504E-002  0.64002795667924506        1.6059842579820776E-002  -2.3308117092149878E-002
 -0.18343974695887474        4.2626693625748757E-003  -3.1836105667297663E-003 -0.23508253115185049        2.2873864650514560E-002   1.0340462179036001E-002 -0.64002795336073359       -9.0309137963810234E-003   2.7022766978551310E-002
 pc           14
 -0.25425890267992490        3.7414002068572566E-002  -1.8518702435316583E-002  0.63696291631975144       -1.9671684614652038E-003  -8.7541237663906254E-003 -0.16159913766264944        2.0061402808150715E-002   2.1600051023818612E-002
  0.25425887946003134       -2.6651398252875418E-003   1.4814743365496479E-002 -0.63696291836937480        4.2213378742157512E-002   4.4265870596863037E-003  0.16159914388618102       -4.1904738918018894E-002  -2.3586536761040017E-002
 pc           15
  0.63310977055296125        1.0057665092907318E-002   9.3910011757014130E-003  0.18826804625679960       -1.5512802310340627E-002  -1.0864041583202295E-002 -0.25154721200303548        3.2191994649650854E-003  -1.8503641918264466E-003
 -0.63310978199021317        6.0832180301516065E-003   6.8119535020830704E-003 -0.18826805203605362        8.4624303915552031E-003  -1.0881799737250842E-003  0.25154720496583172       -6.9946566561509410E-003   1.1634867061288450E-002
 pc           16
 -0.70710636474393718       -1.4067359234119313E-009   5.7896550464560399E-009   7.3346912025756003E-004  -1.2755720681072301E-009  -1.0421024773205510E-010  -2.2380640602774800E-004  -6.3759478256891968E-010  -4.8974806031401506E-009
 -0.70710636595053322        1.4769968728342875E-009  -4.3080690078382552E-009   7.3348884510831191E-004   6.6456603396389264E-009  -1.8063158905981890E-009  -2.2382738974935286E-004   1.4854796943347638E-010   3.3007154886707933E-009
 pc           17
   2.2042774733587920E-004   7.8801370030627251E-010   4.3477896518211440E-011  -3.2614300446149620E-003  -8.8157046164049299E-010  -3.4750735292771728E-010 -0.70709922326389019        1.5010859597633356E-010   6.6116272478517495E-010
   2.2043538348819067E-004  -1.4695666325347831E-009  -1.3775406087765865E-011  -3.2614346698663079E-003   1.6222417489743392E-009   1.0724686883220739E-009 -0.70709922740546938       -3.8977203446982847E-010  -1.5547222433404941E-009
 pc           18
   7.3450532236483761E-004   1.4843446649902610E-010  -1.7675782889105879E-010  0.70709888052958592        1.0502586289298199E-009   2.0549994259650966E-011  -3.2612043041717557E-003   7.9774245205870851E-012   9.1984798479934036E-011
   7.3450161674465657E-004   8.2373408781734233E-010  -5.5464762628767197E-010  0.70709887801419147        6.6982671337654079E-010  -7.3259909048508571E-010  -3.2611992687782646E-003   3.7388712199058939E-010  -2.2113132483258394E-010
 Writing: data_cab/pca3/dir_cm.dat
 Writing: data_cab/pca3/boc_avg.dat
