 # Input file: data_cab/boc_1ao7_nl.dat
 # frm0, frm1, nframe=        25000       58510       58510
 pc            1
   2.1554097485945688E-003 -0.29309815364606273      -0.29485112005290987       -6.2539149340160678E-003  0.10066473465996159      -0.50109835762828381       -2.2472949675758610E-003  0.17666070773627629      -0.53849778321290198     
  -2.1554099838087654E-003 -0.14388629233194924       -3.1196413654548682E-002   6.2539148362838488E-003  -3.5785609705252346E-002 -0.28105528692748283        2.2472951381633747E-003   2.3721804971001192E-002 -0.37699464667636068     
 pc            2
  -9.8922479008591562E-003 -0.44411606822027405        2.7889336660123037E-002  -4.9485442882685584E-003  0.15046563514628383       0.39591955131189172       -1.9533601954401796E-003  0.33062890243615439      -0.28006713561047297     
   9.8922481573074407E-003  0.40957781906728552       0.14831764528989819        4.9485441798504618E-003   7.7131898091664874E-002  0.46269852277456736        1.9533603648312333E-003  -8.3248548304098488E-002 -0.13365562089221356     
 pc            3
  -9.7978170906046352E-003   8.8642222040092963E-002  -2.8627767617288431E-002   1.0011845892936438E-002   3.1222613996722749E-002 -0.19680897923722945        6.2283052902014852E-003   3.2752629691713497E-002  -7.4445729956903725E-002
   9.7978187525101339E-003  0.12876134178973259        9.7590331773179814E-002  -1.0011846105094896E-002  0.43647955681399164       0.15772233809208136       -6.2283054184672929E-003  0.81895162064795191       0.17987099661899342     
 pc            4
  -3.1830842584013260E-003  0.39839210661118202       0.12862834163253054        7.4703964749140515E-003 -0.20801488240880300       -5.2477034029524007E-002  -2.8337671539077651E-003 -0.49780039233636753      -0.33951766096476416     
   3.1830842509057962E-003  0.40406803693681526       0.29319713176152612       -7.4703965360402302E-003  0.10211535357436159        3.7938542770358470E-002   2.8337673931651815E-003 -0.13351209514391815      -0.36954180178278434     
 pc            5
  -1.3882889297332817E-002  0.42419584619594064       0.28795314788399268       -8.1910284589792690E-003  0.19657235925626723      -0.27176033399576904        4.5730233736516216E-003  0.65618039417951690       0.11169631683987399     
   1.3882892045317985E-002  0.25600305401742185       0.24889115566471368        8.1910286873085377E-003  -1.9065537363916755E-002 -0.17190510782723192       -4.5730235475208532E-003 -0.15349642848196043        8.7094512064012624E-003
 pc            6
   4.9832472953958490E-003   1.8522363617731141E-002 -0.35188984453778149       -1.1216587007993117E-002  -3.7500948278389755E-002 -0.55210731063903729       -1.8080221348034362E-002  -8.7938459788251544E-002   8.5723334231994547E-002
  -4.9832475339015104E-003  0.23088149051881893       -4.5703586322839752E-002   1.1216587179376420E-002 -0.19284484449446576       0.53593554098751028        1.8080219566954579E-002 -0.23976064522137899       0.34098186098635941     
 pc            7
   1.7506879979806263E-002  0.29288423414133352       -3.5518904863563856E-002  -6.2719235563294699E-003  0.86841444552839708        9.0835305585545686E-002   7.2767849877180815E-003 -0.21944739602984922      -0.15462405425244768     
  -1.7506884228077467E-002 -0.18822180008848080       -9.6144664880721792E-002   6.2719251306552126E-003  -2.2250517540093585E-002  0.17718761954093576       -7.2767864021610808E-003  -2.5375832338405825E-002  -2.2214869027486695E-002
 pc            8
   1.5819168762520427E-002  0.36271551346087610        7.4888156040333317E-002  -1.6906622531645717E-002 -0.33775189125046323        6.2510965220561029E-002   4.4571458661114263E-004  0.28695817723714928      -0.29881799654782443     
  -1.5819162511579533E-002 -0.53440483720479703      -0.16081702636983855        1.6906622576982114E-002  0.15274816036995476       0.46715310934042442       -4.4571558278429241E-004  -9.2146224856782241E-002 -0.10310146024096951     
 pc            9
   1.6262930482731110E-002  0.37069871554895839      -0.70208677193802960        5.2426707495116459E-003  -7.5955689389207826E-002  0.32648417081333542       -1.9590506647004669E-002  0.20197837114398157       0.10315533381080402     
  -1.6262927039194006E-002  0.23158986014806521      -0.18303778157974168       -5.2426697969712287E-003 -0.17737995753493638       -8.9780196690721209E-002   1.9590507023615492E-002  0.16516652099884271      -0.22487072461802368     
 pc           10
   1.4641418195991652E-002  -6.0165518452639830E-002 -0.29779428546456538       -2.6622050909161834E-002   7.7176662012356331E-002  -4.2101765644857819E-002  -1.6511031333303849E-002  -6.6132363162032717E-003  0.30673486413938861     
  -1.4641423095553222E-002  -5.9854658827986545E-002   8.2500827543864619E-002   2.6622051327135215E-002  0.79606444387609376       -4.9570720045319552E-002   1.6511031960976415E-002 -0.37418744033151213      -0.12987442423403461     
 pc           11
  -1.6527399930321249E-002  -2.2412359432887538E-002 -0.25888102768081284        8.7771531495363913E-003   5.5426657716608606E-004   8.5206182190977683E-002  -1.3007087635771384E-002  -8.0174609387688688E-003   7.7725315285111521E-002
   1.6527400649401110E-002 -0.36140668468525333       0.85863333681058529       -8.7771528171722846E-003 -0.20110851407388092        7.0905265511442092E-002   1.3007087443254363E-002   6.2528383966487217E-002   2.8734134908365148E-002
 pc           12
  -2.2798429099569573E-002  0.10442001902164137      -0.17388572506045474        1.1462222583847728E-002  -5.1393711668196632E-002  0.20959124445068641       -1.3665361820290732E-002   2.1251764787781086E-002 -0.51633254093486780     
   2.2798424073119553E-002   5.8460135443608160E-002   5.3524753529302617E-002  -1.1462221171704829E-002  0.15543117593906572      -0.31290398126864066        1.3665363943333697E-002 -0.20283095858559480       0.68852963503607489     
 pc           13
  -8.7674851295537787E-002  -1.3167772791089145E-003   4.1355474556066946E-002 -0.22836944305748150        1.0072222305433230E-002   3.8863759672890692E-003 -0.66228397404742245       -7.5599684488088263E-003  -2.7453534726560812E-003
   8.7674860129559037E-002  -4.9795498296122450E-003  -1.2526805674796191E-002  0.22836944296513143       -1.1802649307839950E-002  -7.6682267424364459E-003  0.66228397489910140        2.7429244560159820E-002  -7.4479089370340220E-003
 pc           14
 -0.42665727236917733        6.9104877529639341E-003  -6.5774309251065153E-003  0.54558602948689838        1.5663244950931424E-002  -1.3645813271619818E-002 -0.13213311802845329        7.1459960850296178E-003   1.7558722718039179E-002
  0.42665730984460082       -2.2860720512034447E-002  -3.7198675077857096E-002 -0.54558601988978250        2.1810771641288713E-002   2.5866975260285793E-002  0.13213311300386907       -2.6574891859986217E-002  -3.2268326078550603E-002
 pc           15
  0.55499727598786253       -1.2609268431399671E-002   2.6276499756369840E-002  0.38535818300508728        8.6399740871781136E-004  -8.4456213544927012E-003 -0.20603835577934540        1.8066196525816432E-002  -7.6886164124083493E-003
 -0.55499725084684715        6.0207864763426096E-003   2.0801600268940620E-002 -0.38535817960651314        6.9029976416315293E-003  -3.8056787507802642E-003  0.20603835156280773       -3.6787809401914633E-003   1.4105432013732678E-002
 pc           16
  0.70710516736954210       -2.2959644333441039E-009  -1.4346135186062830E-009   1.4257701362742131E-003   3.4384725797557455E-009   7.5564675391591859E-010  -5.0214793091115989E-004  -4.1877254394852252E-009  -6.7378741244375959E-010
  0.70710516346376651        1.2418356875458306E-009   9.6534838644922077E-010   1.4258099441445187E-003   1.9477066434109748E-009  -3.0964269207404174E-009  -5.0217043815762804E-004  -2.2069807440253261E-009   3.3584258370646417E-009
 pc           17
   4.9682363422454048E-004   4.0449306226752643E-010   1.9429608299081337E-010   2.6450028313226744E-003   7.2948550481289130E-010  -1.0378932077074415E-009  0.70710165904123223       -2.4450081328578678E-011   5.6962247795623133E-010
   4.9682312669095219E-004  -5.6137272818972470E-010  -3.0381624849300745E-010   2.6449965200506026E-003  -6.0373240073523409E-010   1.7547478872317051E-009  0.70710166034851385        6.6505614595617752E-012  -5.0330160761289370E-010
 pc           18
  -1.4276565453939806E-003  -7.7666012134405124E-010   7.9805739159279054E-010  0.70710039214783804       -1.0067583373442822E-009  -3.4966922490117224E-010  -2.6439904942245690E-003  -7.6532200835877586E-011   3.0430442115378209E-010
  -1.4276596290450955E-003   2.4379539901741842E-010   1.5855002835448021E-010  0.70710040137403951       -2.7113194298586495E-010  -4.3771942478784904E-012  -2.6439932081477107E-003   5.7997295521260697E-010  -3.6470757986212331E-010

