 # Input file: data_cab/boc_1ao712.dat
 # frm0, frm1, nframe=        25000       62510       62510
 pc            1
   1.8926159085570797E-003  0.13467774857590123       0.28889503776605019       -2.3912361574475972E-003   1.9027206602855149E-002  0.67000657971535771        4.4017408282582358E-003  -6.0187611125364207E-002  0.39208351557784160     
  -1.8926161783655729E-003  0.27699259157506750        7.4554873358471802E-002   2.3912363819580808E-003   2.6188621834634950E-002  0.39287179471345990       -4.4017409358888043E-003 -0.13503311913844468       0.19018403763797995     
 pc            2
  -1.7307245737777125E-003  0.28618508432284223       -3.1709567531479056E-002   1.2149575954517457E-003   6.6144854750857338E-002 -0.21375473344477045        3.9971120378652809E-003  -8.5528155398849962E-002  0.59433698186351602     
   1.7307228934758383E-003 -0.32222067203870669      -0.19856513547699892       -1.2149577224778781E-003  -4.2753090770126026E-002 -0.23573574491519561       -3.9971121380459234E-003  0.19457867218175437       0.51760956360239962     
 pc            3
   1.0492517608588660E-002  0.48926158709325279       0.20119444508361695       -1.9644907592687801E-002  0.13855683239577454        4.2967195091519660E-002   1.7328176332401416E-002  -7.3076450617779648E-002   5.0281060555023620E-002
  -1.0492519224353460E-002  -3.9356530270905923E-002   5.7464499124031149E-002   1.9644907465154644E-002 -0.19685520180126950      -0.45677901680289951       -1.7328176077097353E-002 -0.56604710176031303      -0.34202242186119219     
 pc            4
   4.6345027334915015E-003 -0.66191277842080554      -0.12324258154428124        1.6736131426363109E-002 -0.19190967889686994       0.26971829344135939        2.3283916234219347E-003  -1.1815281885057203E-002  0.21587921267559776     
  -4.6345050560839289E-003 -0.30128164858041950      -0.24108798815562787       -1.6736130753849596E-002 -0.24538806376470396      -0.20115507117662712       -2.3283920093166710E-003 -0.37433841793178474       -6.7867632448164157E-003
 pc            5
   8.8205670161779965E-004   1.3369324678598258E-002   2.0164622947103160E-002  -2.1219978493553476E-002  0.12167460646777595       -6.4705291750454627E-002  -5.0054082456003762E-003  0.96737229704004168        8.7798024059672741E-002
  -8.8205778787603471E-004   3.3534076559238791E-003   2.8248935890314384E-002   2.1219978514886183E-002  -1.5045278857022391E-002   3.8236875654752964E-002   5.0054081369471076E-003 -0.15446936668065492        9.7953147484469982E-002
 pc            6
   4.4401893238185013E-003  -2.8002935768365468E-002  0.29386917775255983        2.0478683896830201E-002   6.9956347069337399E-002  0.44156923527094361        5.0357862786935426E-003  0.16520303437718797       -1.9106603472657979E-002
  -4.4401861565467647E-003 -0.19010613515628116      -0.10978727706443435       -2.0478684834339622E-002  0.13668624910300259      -0.42244440739440875       -5.0357860380431047E-003  0.58750297764679205      -0.30642733169115466     
 pc            7
   3.4874023591213964E-003  0.23608611350302658        4.3376963655516049E-002   4.8872630709240750E-003  0.23698661014051567       0.13270715531660399       -6.1609653803909878E-003  -7.0254824551098808E-003 -0.34405619487339439     
  -3.4874009962757731E-003 -0.52348034686405243      -0.51197877426726512       -4.8872626927889554E-003 -0.10433530779732693       0.44424544362038521        6.1609665144540344E-003  -7.4451967707348798E-002  -9.9501930897421265E-003
 pc            8
   1.9461084305126587E-002   4.5432265023415873E-002 -0.74750754367508820        3.0057249818506767E-003  0.55882088632181526       0.27465893771747379        1.3223100242547850E-002  -2.2388564807883347E-002   7.5542511148172467E-002
  -1.9461091943384135E-002  0.15500021570534045        4.9332264419499365E-003  -3.0057263337621484E-003  -3.5603565041820905E-002  -8.4302546984878393E-002  -1.3223101489710225E-002   6.4647177104468601E-002  -8.6681691963623075E-002
 pc            9
  -7.3912496997999098E-003  -5.9971356755834426E-002  0.18796178739799876        4.0366510631994194E-002  0.12627541042459092      -0.10259317817680839       -1.1508183039083556E-003   8.9898481783092198E-003  -6.0896703000940758E-002
   7.3912459938391545E-003  0.42800503420871566      -0.27655154662108300       -4.0366510983839379E-002 -0.78085758975209840       -2.8499298658085322E-002   1.1508154612805280E-003  0.23338169084988306        5.2498104232857085E-002
 pc           10
  -9.5742529455507481E-004  0.38885500658946920      -0.41326928215532077       -1.2667382824865913E-002 -0.72649747067668324       0.17484897898051446       -6.5219896783542714E-004  0.13778380767458781        4.3874723122596217E-003
   9.5742244887065992E-004   9.1886921286360071E-002 -0.22735277309961002        1.2667383508341342E-002 -0.11978930555474350        5.8660071418631735E-003   6.5219993027797391E-004   9.4127280910210498E-002 -0.13009990237670790     
 pc           11
   6.5390027292653854E-003  -8.3134535145725927E-002   7.3259638951244280E-002  -1.4277200443455120E-002   8.1348717234084725E-002 -0.23923211491467930        3.1856139703840942E-003  -1.3318708828541083E-002  0.29430297036978159     
  -6.5389966954306506E-003  0.35967891167930832      -0.64311578899566402        1.4277199045293372E-002  0.41722326351071187        5.0918188965575158E-002  -3.1856128327649325E-003  -9.2311112095082956E-002 -0.32925802445142149     
 pc           12
   1.5047930758848584E-002  -2.1580787852157363E-002  -2.2236061640717258E-002   1.7869321326150587E-004   8.8272418514985188E-003 -0.19972219410145473        1.8915022712558037E-002   4.1813861795861945E-003  0.46945927048757990     
  -1.5047941911466594E-002 -0.26806404478834883       0.27666956174044749       -1.7869230107326510E-004 -0.25868126144877102       0.39117863315126516       -1.8915020535733042E-002  0.17575251834870040      -0.58160546465367835     
 pc           13
  0.18343976028034942        2.8464825328403920E-003   6.1436055915292812E-003  0.23508253394251513       -2.0232677829092990E-002  -1.3188122455517504E-002  0.64002795667924506        1.6059842579820776E-002  -2.3308117092149878E-002
 -0.18343974695887474        4.2626693625748757E-003  -3.1836105667297663E-003 -0.23508253115185049        2.2873864650514560E-002   1.0340462179036001E-002 -0.64002795336073359       -9.0309137963810234E-003   2.7022766978551310E-002
 pc           14
 -0.25425890267992490        3.7414002068572566E-002  -1.8518702435316583E-002  0.63696291631975144       -1.9671684614652038E-003  -8.7541237663906254E-003 -0.16159913766264944        2.0061402808150715E-002   2.1600051023818612E-002
  0.25425887946003134       -2.6651398252875418E-003   1.4814743365496479E-002 -0.63696291836937480        4.2213378742157512E-002   4.4265870596863037E-003  0.16159914388618102       -4.1904738918018894E-002  -2.3586536761040017E-002
 pc           15
  0.63310977055296125        1.0057665092907318E-002   9.3910011757014130E-003  0.18826804625679960       -1.5512802310340627E-002  -1.0864041583202295E-002 -0.25154721200303548        3.2191994649650854E-003  -1.8503641918264466E-003
 -0.63310978199021317        6.0832180301516065E-003   6.8119535020830704E-003 -0.18826805203605362        8.4624303915552031E-003  -1.0881799737250842E-003  0.25154720496583172       -6.9946566561509410E-003   1.1634867061288450E-002
 pc           16
 -0.70710636474393718       -1.4067359234119313E-009   5.7896550464560399E-009   7.3346912025756003E-004  -1.2755720681072301E-009  -1.0421024773205510E-010  -2.2380640602774800E-004  -6.3759478256891968E-010  -4.8974806031401506E-009
 -0.70710636595053322        1.4769968728342875E-009  -4.3080690078382552E-009   7.3348884510831191E-004   6.6456603396389264E-009  -1.8063158905981890E-009  -2.2382738974935286E-004   1.4854796943347638E-010   3.3007154886707933E-009
 pc           17
   2.2042774733587920E-004   7.8801370030627251E-010   4.3477896518211440E-011  -3.2614300446149620E-003  -8.8157046164049299E-010  -3.4750735292771728E-010 -0.70709922326389019        1.5010859597633356E-010   6.6116272478517495E-010
   2.2043538348819067E-004  -1.4695666325347831E-009  -1.3775406087765865E-011  -3.2614346698663079E-003   1.6222417489743392E-009   1.0724686883220739E-009 -0.70709922740546938       -3.8977203446982847E-010  -1.5547222433404941E-009
 pc           18
   7.3450532236483761E-004   1.4843446649902610E-010  -1.7675782889105879E-010  0.70709888052958592        1.0502586289298199E-009   2.0549994259650966E-011  -3.2612043041717557E-003   7.9774245205870851E-012   9.1984798479934036E-011
   7.3450161674465657E-004   8.2373408781734233E-010  -5.5464762628767197E-010  0.70709887801419147        6.6982671337654079E-010  -7.3259909048508571E-010  -3.2611992687782646E-003   3.7388712199058939E-010  -2.2113132483258394E-010

