 # Input file: data_cab/boc_1ao708.dat
 # frm0, frm1, nframe=        25000       67510       67510
 pc            1
  -1.2408673163965779E-003  0.35687633565637761       0.34545742504162874        1.0621600053122201E-002   3.9812172518787096E-002  0.60322973799219859       -6.5236991332853385E-003   5.1855409818848633E-002  0.48758967453508478     
   1.2408689004362913E-003  0.17926673309861349        5.9492336670279693E-002  -1.0621600112480407E-002  -2.0730652882327522E-002  0.21559486743675196        6.5236990239978263E-003 -0.11564232507261481       0.22609922805868077     
 pc            2
  -1.5789147262133358E-003  0.47885511599925934        1.8006297723810339E-002   2.7990230303930317E-003   2.5343219715974523E-002 -0.44372114810027929       -4.1235501283885282E-003   6.8537152338293883E-002  0.35402962328442900     
   1.5789153587504560E-003 -0.35496011177410786      -0.16264940873662267       -2.7990229818745473E-003  -3.4543727314223470E-002 -0.34880637691151511        4.1235501423850492E-003  0.18536731688632943       0.36480423018795194     
 pc            3
  -9.7645298500235594E-003 -0.28629441612640388      -0.17226827038770551       -1.3825460215849752E-002  -3.9850417737852743E-002 -0.20815768344847146        4.0522991688442507E-003  -6.0377027861651403E-002  0.13353636892276563     
   9.7645303895423485E-003  0.14012852176578416        2.5962652919183468E-002   1.3825460163799491E-002  0.21353445472252092       0.57116530353337036       -4.0522985700526867E-003  0.36124689792155740       0.54655480461025141     
 pc            4
  -1.4754555740307221E-003  0.64529559446086338       0.10923012028879564        1.0086272081748173E-002  -6.1470054172093370E-002 -0.20993595585567737       -1.0362152048362296E-002  -2.7600632786592368E-003 -0.41813450569444899     
   1.4754551062593265E-003  0.34551078042827099       0.30961610754371094       -1.0086272576448651E-002  0.18206436536917056       0.19464282549583375        1.0362152417065465E-002  0.21380887394666093      -0.12867292597707453     
 pc            5
   2.8200797954643515E-004  -9.6958797666947524E-002  -3.6960156541023543E-003  -6.5301166285050578E-003  0.15989707606471812       -2.2940584030163910E-002   6.1691005004670396E-003  0.97474365426717313       -1.7182201802411704E-002
  -2.8200709747228434E-004   6.6194755449547629E-002   4.8876069186019208E-002   6.5301166379547297E-003   4.3677761389633744E-002   1.4694154718632006E-003  -6.1690999910915456E-003   6.9148666825525743E-002  -2.1164750608228481E-002
 pc            6
  -5.6287365935568144E-003   9.9823226788557234E-002 -0.11219317519191439       -2.0304241125103113E-002   1.3712923427204049E-005 -0.36727377616925438        1.8730426355065038E-002   6.1249487437049652E-002  -1.4716803489848032E-003
   5.6287362515148338E-003   9.3746579315531584E-002   8.1917179381206212E-002   2.0304241849389455E-002 -0.21804432636399704       0.26928435759090735       -1.8730426107064491E-002 -0.81423074389840389       0.19668968371760007     
 pc            7
   8.4250038932248712E-003  0.29790035499094458      -0.52701568393477760        2.0881200764283844E-002 -0.46222671334515791       0.29371667807404028       -2.5538352822469097E-002  0.14616386903132900      -0.12833407716618389     
  -8.4250013336004889E-003 -0.29668972189843534      -0.35243557841921153       -2.0881200645442851E-002  -3.2887115863155521E-002  0.27548781459785449        2.5538351615453064E-002   1.3965179851099541E-004  -6.4993405126108322E-002
 pc            8
   6.7925852189588088E-003  0.18160378444857303      -0.34298421911125831        9.8857191980092265E-003  0.86518938971584003       0.12658062154593561        1.6223468793697331E-003 -0.11146679806177691       -9.4651555773963919E-002
  -6.7925847236436996E-003 -0.12315592147698176      -0.12724678076649101       -9.8857195576543197E-003  -1.3009761102147766E-002  0.17049368847980173       -1.6223466506059029E-003   2.6227302566903515E-002  -4.2958682080908257E-002
 pc            9
  -1.4677975333938973E-002   3.7373614921926541E-002 -0.64474492547255136        5.9638789007077321E-003  -5.7285957964244717E-002   4.1374880142019184E-002   4.2317945455238237E-003  -3.1931567868072420E-002  0.35723349007418376     
   1.4677971317092173E-002  0.49058407303846102       0.28478262213381489       -5.9638782784145646E-003  -1.1527003681132682E-002 -0.35091708319918141       -4.2317949173816399E-003   3.1414053082701794E-002  -5.2000141885227627E-002
 pc           10
   5.8999445910582014E-003   3.6995482622317398E-003   7.6399637419730451E-002   4.7282212430837578E-002   6.9541811545713048E-003  -4.4084369001658706E-002  -2.5969714562652596E-002   7.9298752581923714E-003 -0.12626924077181151     
  -5.8999441280857684E-003  0.38852916829349637      -0.35617992582150654       -4.7282213056004226E-002 -0.78785883695632386        1.4611495314780145E-002   2.5969715061830267E-002  0.25278446998839932        8.7218352889949627E-002
 pc           11
   1.2828492836308714E-002   2.8891765423517082E-002   8.6191870654535901E-002  -3.5312841418236172E-002   2.6219804508533350E-002 -0.17182465100426450        1.0539954944938772E-002  -1.1290084638850707E-002  0.15791041995863989     
  -1.2828496310370772E-002  0.41414744230641304      -0.70654291241930833        3.5312840449972731E-002  0.44668650925560710       -8.5676109493799217E-003  -1.0539955939125902E-002 -0.12796120623453155      -0.21614637062538608     
 pc           12
  -4.5955973272727357E-003  -4.4635875695441902E-003  -3.9322705535540882E-002  -9.5028558804299249E-004   1.3640122261659121E-002  0.28067813569097066       -1.8643251027675962E-002   7.1130815911742981E-003 -0.49893784164024529     
   4.5955938913108786E-003  0.15257421797424214      -0.12519595282200363        9.5028623921652978E-004  0.20632786435304146      -0.40834637018992942        1.8643249756418963E-002 -0.15402718374738111       0.63066912278734621     
 pc           13
   9.3131084684299772E-002   2.3880105035995337E-002  -5.9863659629532722E-003   1.2218619829412192E-002  -2.0155119476003385E-002   2.8203597484545675E-002  0.69927675139914092       -2.7092600840833560E-003  -2.5486041008062153E-002
  -9.3131085818574280E-002   6.0425167304871332E-004  -1.4882386966617568E-002  -1.2218616357047513E-002  -2.3558597647534218E-002  -6.5871056356914251E-003 -0.69927675255181787        2.8073562481530562E-002   1.7482616455244470E-002
 pc           14
   7.2848416422969187E-002  -3.1848307414703445E-002   1.0747892062719226E-002  0.69949583483148636        3.8646780782643831E-003  -3.6568670629908470E-002  -1.8083889375601250E-002   4.9023255742576700E-003   1.9001963490987640E-002
  -7.2848429347659074E-002   1.9262367314417403E-003   2.4516980928394693E-004 -0.69949583602412058        7.3569086492523875E-002   4.4562062863536984E-003   1.8083893139347326E-002  -4.2865217078344266E-002   1.6445289795100028E-003
 pc           15
 -0.69665866666638665        5.1200916117775559E-003   9.1158533327422436E-003   7.5066773413250090E-002   2.8393263647852134E-003   4.7235554662600357E-003   9.1142291190243932E-002   1.8204609729315199E-003  -8.9437755724761456E-003
  0.69665871053338080       -7.8738675615147857E-003  -3.0066976558949618E-002  -7.5066774203211797E-002   2.9700363927442131E-003   4.4461262857702312E-003  -9.1142295711651472E-002   5.4307651105923234E-004  -1.5217384744024719E-002
 pc           16
 -0.70710658319359376        1.0753697720432010E-009   1.1732473108940874E-009   2.2852285912250449E-004  -2.3672814949014060E-010   1.1845006113767487E-009   5.0925419643624000E-004   1.0026862293010737E-009  -4.4591368476231976E-011
 -0.70710653856435279       -3.4968459146432458E-009  -5.7985529127273184E-010   2.2853074084781629E-004  -2.3862757042457432E-009   2.8499363497874748E-009   5.0924943647278709E-004   1.3380991130761084E-009  -8.5221527866174227E-010
 pc           17
  -5.1135719509436454E-004  -3.6375249390351834E-010   4.7424638542210160E-010  -6.5899942291749534E-003   5.5751779773492086E-010  -7.8711494233531426E-010 -0.70707588821189193        2.1291477904076027E-010   2.9951526977543053E-010
  -5.1136184237435170E-004   1.0368620798325063E-011   9.2052486764823962E-010  -6.5899974645641287E-003  -4.2976062922026671E-010   5.8490906280490509E-010 -0.70707588648017483        2.7290832232002790E-010  -6.7715785866156629E-011
 pc           18
  -2.2377025644909146E-004  -1.0507663728093387E-010  -4.8781243451643071E-010 -0.70707603595183333       -3.3519573651904235E-010   2.3454862841616438E-010   6.5901607561956090E-003   6.1861973807360630E-011  -5.5804692124810231E-011
  -2.2377126552831198E-004  -2.5704203818898898E-010   6.0785699162761417E-010 -0.70707603469720359       -1.6863333331470781E-010  -3.6239953610731081E-010   6.5901573593271836E-003  -4.7866624270326498E-010   5.6133702824824420E-010
