220  10.17  33.4865
240  14.29  33.907
260  11.58  33.8605
280  9.62  33.9285
300  11.83  34.8585
320  13.67  35.284
340  15.18  35.404
360  13.28  34.795
380  10.97  33.9495
400  7.61  33.8505
420  5.87  33.5065
440  9.35  34.103
460  7.59  35.056
480  11.99  34.412
500  12.62  34.416
520  13.55  34.849
540  10.07  34.462
560  11.78  34.229
580  12.59  34.2195
600  7.76  33.93
620  11.66  33.4615
640  12.79  32.733
660  10.46  32.367
680  5.98  31.998
700  5.85  31.9615
720  7.48  32.881
740  5.42  32.849
760  12.06  32.4795
780  15.02  32.4665
800  9.63  33.07
820  12.76  33.4
840  19.63  33.358
860  14.57  33.1015
880  12.55  33.078
900  16.89  34.175
920  24.19  33.4745
940  18.35  31.854
960  9.27  31.442
980  14.25  32.0145
1000  19.08  31.5415
1020  20.66  31.369
1040  18.77  32.875
1060  14.52  33.7145
1080  17.14  34.958
1100  15.75  34.5155
1120  13.02  33.999
1140  16.04  34.6975
1160  18.42  33.8585
1180  23.12  33.15
1200  20.81  32.48
1220  15.82  32.983
1240  15.14  34.2755
1260  13.74  34.5295
1280  10.3  34.075
1300  7.83  32.1235
1320  12.33  31.0855
