220  10.17  21.042
240  14.29  20.266
260  11.58  20.828
280  9.62  22.2475
300  11.83  23.234
320  13.67  23.369
340  15.18  23.708
360  13.28  23.815
380  10.97  23.189
400  7.61  23.176
420  5.87  23.666
440  9.35  23.9155
460  7.59  24.0665
480  11.99  23.86
500  12.62  23.63
520  13.55  24.0685
540  10.07  24.5185
560  11.78  24.448
580  12.59  24.0045
600  7.76  23.546
620  11.66  23.1245
640  12.79  23.244
660  10.46  23.993
680  5.98  24.058
700  5.85  23.187
720  7.48  22.5595
740  5.42  22.8765
760  12.06  23.5965
780  15.02  23.5515
800  9.63  23.523
820  12.76  22.9675
840  19.63  22.0375
860  14.57  22.266
880  12.55  22.319
900  16.89  22.7765
920  24.19  22.945
940  18.35  20.956
960  9.27  19.3525
980  14.25  18.5525
1000  19.08  17.611
1020  20.66  17.859
1040  18.77  18.419
1060  14.52  18.519
1080  17.14  17.9735
1100  15.75  16.7815
1120  13.02  15.9515
1140  16.04  15.457
1160  18.42  14.8595
1180  23.12  15.3105
1200  20.81  15.009
1220  15.82  14.421
1240  15.14  14.6565
1260  13.74  14.9565
1280  10.3  15.0735
1300  7.83  15.9265
1320  12.33  17.0985
